1	1	Tu	1	+	49	1392	1501
2	2	Tu	1	+	1594	2724	1353
3	3	Op	1	+	3303	3548	294
4	3	Op	2	+	3535	4662	1026
5	3	Op	3	+	4659	6608	2264
6	3	Op	4	+	6664	9165	3013
7	4	Op	1	+	9340	9642	485
8	4	Op	2	+	9687	10253	593
9	4	Op	3	+	10279	10518	354
10	5	Op	1	+	10723	12699	2140
11	5	Op	2	+	12705	13157	651
12	6	Tu	1	+	13430	14797	1701
13	7	Tu	1	+	14924	16327	1545
14	8	Op	1	+	16452	17321	950
15	8	Op	2	+	17385	18305	318
16	9	Tu	1	-	18368	19999	1837
17	10	Tu	1	+	20252	23137	2620
18	11	Tu	1	+	23340	23852	468
19	12	Op	1	+	24087	25079	1158
20	12	Op	2	+	25114	25917	1085
21	12	Op	3	+	25940	26851	1304
22	13	Tu	1	+	27013	27390	396
23	14	Tu	1	+	27638	28165	611
24	15	Tu	1	-	28213	28416	231
25	16	Tu	1	+	28614	29384	730
26	17	Op	1	+	29533	31101	1698
27	17	Op	2	+	31125	32330	838
28	17	Op	3	+	32430	32810	451
29	18	Tu	1	+	33002	35593	2417
30	19	Tu	1	+	36254	36649	75
31	20	Tu	1	-	36918	39533	2139
32	21	Op	1	-	40077	40586	597
33	21	Op	2	-	40594	41061	559
34	22	Tu	1	+	41117	42073	728
35	23	Op	1	-	42165	43412	1425
36	23	Op	2	-	43405	44220	916
37	24	Op	1	+	44546	45025	545
38	24	Op	2	+	45104	46474	1326
39	25	Op	1	+	46575	47720	1253
40	25	Op	2	+	47739	48212	535
41	25	Op	3	+	48265	49722	1732
42	26	Op	1	+	49992	50531	579
43	26	Op	2	+	50524	51936	1671
44	26	Op	3	+	51933	52331	454
45	26	Op	4	+	52321	53178	1101
46	26	Op	5	+	53193	53723	507
47	26	Op	6	+	53809	54375	648
48	27	Tu	1	+	54490	54735	262
49	28	Tu	1	+	54916	55767	701
50	29	Op	1	+	55934	56887	1136
51	29	Op	2	+	56913	57605	632
52	30	Tu	1	+	57767	58606	999
53	31	Tu	1	+	58750	59571	1048
54	32	Tu	1	+	59782	61158	1755
55	33	Tu	1	+	61599	65642	4384
56	34	Tu	1	+	65778	67457	1921
57	35	Op	1	-	67504	67728	379
58	35	Op	2	-	67743	68729	1162
59	36	Op	1	+	68948	69562	767
60	36	Op	2	+	69575	70591	1242
61	37	Tu	1	+	70736	71431	744
62	38	Tu	1	-	71517	71591	77
63	39	Tu	1	+	71610	73949	2092
64	40	Tu	1	+	74493	75410	747
65	41	Tu	1	-	75454	76107	650
66	42	Op	1	+	76381	77274	939
67	42	Op	2	+	77287	77859	573
68	42	Op	3	+	77872	78063	307
69	42	Op	4	+	78076	78588	751
70	42	Op	5	+	78647	79207	958
71	42	Op	6	+	79231	79473	435
72	43	Op	1	+	79840	81075	1410
73	43	Op	2	+	81096	81275	324
74	44	Op	1	-	81431	82915	1122
75	44	Op	2	-	82909	84396	883
76	45	Tu	1	+	85107	91205	6730
77	46	Op	1	+	91627	92538	910
78	46	Op	2	+	92620	94125	1326
79	47	Op	1	+	94470	94709	333
80	47	Op	2	+	94724	97891	2496
81	48	Tu	1	+	98068	98829	845
82	49	Tu	1	+	98985	99770	783
83	50	Tu	1	-	99829	100509	697
84	51	Op	1	+	100766	101866	1372
85	51	Op	2	+	101841	102548	938
86	51	Op	3	+	102563	103456	1147
87	51	Op	4	+	103483	104754	1292
88	52	Tu	1	-	104791	105705	544
89	53	Tu	1	-	105872	106351	423
90	54	Tu	1	+	106594	107082	483
91	55	Op	1	+	107379	108605	1543
92	55	Op	2	+	108635	109654	1357
93	56	Op	1	+	109760	110692	1189
94	56	Op	2	+	110720	111409	448
95	56	Op	3	+	111457	112908	1396
96	57	Op	1	-	112999	113679	626
97	57	Op	2	-	113676	114011	471
98	58	Tu	1	+	114191	115207	1121
99	59	Tu	1	+	115439	117925	2635
100	60	Tu	1	+	118210	119478	1204
101	61	Op	1	-	119528	119971	437
102	61	Op	2	-	119968	121380	1144
103	62	Op	1	+	121478	122443	875
104	62	Op	2	+	122445	123233	783
105	63	Tu	1	-	123282	123827	649
106	64	Op	1	-	123994	124371	285
107	64	Op	2	-	124381	126732	2048
108	65	Tu	1	-	126835	127119	178
109	66	Tu	1	-	127276	128838	1609
110	67	Tu	1	-	129150	130073	826
111	68	Op	1	+	130228	130815	777
112	68	Op	2	+	130830	131438	767
113	69	Tu	1	-	131471	132484	930
114	70	Tu	1	+	132644	133651	942
115	71	Op	1	+	133792	135093	1655
116	71	Op	2	+	135121	135783	877
117	71	Op	3	+	135821	136216	391
118	71	Op	4	+	136312	137385	1506
119	71	Op	5	+	137439	138524	1353
120	72	Op	1	+	138730	140298	2077
121	72	Op	2	+	140291	141424	1178
122	72	Op	3	+	141424	142377	1171
123	73	Op	1	+	142653	142895	210
124	73	Op	2	+	142905	143246	269
125	74	Op	1	+	143548	144714	1358
126	74	Op	2	+	144731	145549	1085
127	74	Op	3	+	145567	146274	884
128	75	Tu	1	-	146314	147252	1126
129	76	Op	1	+	147489	148289	851
130	76	Op	2	+	148376	149296	730
131	76	Op	3	+	149293	150297	945
132	77	Tu	1	+	150426	151613	1495
133	78	Tu	1	-	151670	152356	823
134	79	Op	1	-	152531	153106	581
135	79	Op	2	-	153148	153828	810
136	80	Op	1	+	154173	154586	553
137	80	Op	2	+	154642	155112	817
138	80	Op	3	+	155196	157277	2453
139	81	Tu	1	+	157428	158615	1342
140	82	Tu	1	+	158797	159621	1010
141	83	Tu	1	+	159893	161059	1134
142	84	Op	1	+	161408	161716	373
143	84	Op	2	+	161738	162367	778
144	84	Op	3	+	162393	163016	724
145	84	Op	4	+	163016	163306	358
146	84	Op	5	+	163346	164176	704
147	84	Op	6	+	164219	164497	372
148	84	Op	7	+	164519	164866	434
149	84	Op	8	+	164933	165589	839
150	84	Op	9	+	165592	166026	517
151	84	Op	10	+	166016	166204	325
152	84	Op	11	+	166228	166494	357
153	84	Op	12	+	166552	166920	477
154	84	Op	13	+	166956	167267	444
155	84	Op	14	+	167293	167832	786
156	84	Op	15	+	167851	168036	279
157	84	Op	16	+	168072	168470	563
158	84	Op	17	+	168502	169038	617
159	85	Op	1	+	169199	169555	368
160	85	Op	2	+	169576	170076	689
161	85	Op	3	+	170091	170270	402
162	85	Op	4	+	170318	170758	615
163	85	Op	5	+	170759	172057	1373
164	85	Op	6	+	172144	172794	839
165	86	Op	1	+	173005	173223	309
166	86	Op	2	+	173256	173372	84
167	86	Op	3	+	173392	173757	625
168	86	Op	4	+	173785	174174	443
169	86	Op	5	+	174255	175193	1124
170	86	Op	6	+	175267	175650	499
171	87	Op	1	+	175925	177124	1294
172	87	Op	2	+	177140	178315	1251
173	88	Op	1	+	178517	179356	1054
174	88	Op	2	+	179332	180201	953
175	88	Op	3	+	180201	180995	752
176	88	Op	4	+	181014	181763	836
177	89	Tu	1	-	181814	182125	543
178	90	Op	1	-	182258	183613	1598
179	90	Op	2	-	183704	184195	514
180	91	Tu	1	+	184384	184953	620
181	92	Op	1	-	184998	185738	875
182	92	Op	2	-	185750	187333	1825
183	93	Tu	1	-	187892	188188	416
184	94	Op	1	+	188361	189074	731
185	94	Op	2	+	189079	189924	943
186	94	Op	3	+	189935	190447	589
187	95	Tu	1	+	190681	192186	1676
188	96	Tu	1	+	192463	193953	1799
189	97	Tu	1	-	194180	195163	1271
190	98	Op	1	+	195499	196065	540
191	98	Op	2	+	196085	199624	3495
192	98	Op	3	+	199640	201229	1383
193	98	Op	4	+	201244	201507	381
194	99	Op	1	+	201762	202241	377
195	99	Op	2	+	202286	202765	733
196	99	Op	3	+	202851	204239	1231
197	99	Op	4	+	204258	204803	738
198	99	Op	5	+	204897	207053	2799
199	100	Op	1	+	207215	208111	1040
200	100	Op	2	+	208123	209121	1203
201	100	Op	3	+	209215	210711	2057
202	101	Tu	1	-	212329	212634	117
203	102	Op	1	+	213061	213903	775
204	102	Op	2	+	213977	215875	2408
205	102	Op	3	+	215899	217329	1706
206	103	Op	1	+	217452	218918	1473
207	103	Op	2	+	218939	219757	1011
208	104	Tu	1	+	219895	220638	580
209	105	Tu	1	-	220656	221222	416
210	106	Op	1	+	221360	221767	463
211	106	Op	2	+	221864	222376	504
212	106	Op	3	+	222389	223063	724
213	107	Op	1	+	223206	224141	1069
214	107	Op	2	+	224186	224584	419
215	108	Tu	1	-	224682	225434	979
216	109	Op	1	+	225732	226970	1647
217	109	Op	2	+	226972	227406	711
218	110	Tu	1	+	227584	228519	1078
219	111	Tu	1	-	228558	229205	565
220	112	Tu	1	+	229560	230120	782
221	113	Op	1	+	230289	230426	157
222	113	Op	2	+	230516	231433	1080
223	113	Op	3	+	231447	232583	1474
224	114	Op	1	-	232620	234050	1603
225	114	Op	2	-	234077	235411	1367
226	115	Tu	1	-	235585	236346	720
227	116	Tu	1	+	236593	237135	477
228	117	Op	1	+	237267	238634	999
229	117	Op	2	+	238655	239818	1578
230	118	Op	1	+	239947	240387	380
231	118	Op	2	+	240403	242889	2778
232	118	Op	3	+	242911	243117	286
233	119	Op	1	-	243161	244531	1115
234	119	Op	2	-	244531	244920	418
235	120	Tu	1	+	245070	246398	1481
236	121	Op	1	-	246442	247062	629
237	121	Op	2	-	247084	248058	1153
238	122	Op	1	+	248345	248680	441
239	122	Op	2	+	248677	248988	528
240	123	Op	1	-	249084	250130	1092
241	123	Op	2	-	250173	250757	738
242	124	Op	1	+	251032	251766	804
243	124	Op	2	+	251817	252650	765
244	124	Op	3	+	252667	253203	576
245	125	Tu	1	-	253226	254578	1563
246	126	Tu	1	+	254765	255451	839
247	127	Tu	1	+	255637	257373	2014
248	128	Tu	1	+	257499	258644	1176
249	129	Op	1	-	258696	259388	687
250	129	Op	2	-	259385	260866	1555
251	130	Tu	1	+	261053	262030	1190
252	131	Tu	1	+	262215	263180	1170
253	132	Tu	1	+	263399	264442	1043
254	133	Op	1	+	264616	265419	910
255	133	Op	2	+	265471	266682	1569
256	134	Op	1	-	266792	267211	297
257	134	Op	2	-	267208	267447	301
258	135	Op	1	-	267548	268360	742
259	135	Op	2	-	268335	269927	1049
260	136	Op	1	+	270050	273061	3849
261	136	Op	2	+	273054	273887	549
262	136	Op	3	+	273897	275150	1414
263	137	Op	1	+	275285	276223	1167
264	137	Op	2	+	276230	277450	997
265	137	Op	3	+	277540	278601	1194
266	137	Op	4	+	278667	280022	1714
267	137	Op	5	+	280047	281270	1783
268	138	Tu	1	+	281718	284012	1577
269	139	Tu	1	+	284469	285827	1455
270	140	Tu	1	+	286235	287362	1315
271	141	Op	1	-	287413	288597	1284
272	141	Op	2	-	288613	289128	347
273	142	Op	1	+	289205	289306	81
274	142	Op	2	+	289321	290007	754
275	142	Op	3	+	290004	290948	1084
276	142	Op	4	+	290964	291605	816
277	143	Tu	1	+	292195	293598	1647
278	144	Op	1	+	293750	294184	484
279	144	Op	2	+	294189	294824	828
280	145	Tu	1	-	294867	295700	562
281	146	Op	1	+	295884	297626	1378
282	146	Op	2	+	297617	299650	1702
283	146	Op	3	+	299661	300095	412
284	147	Tu	1	-	300365	300460	159
285	148	Op	1	+	300706	302478	2219
286	148	Op	2	+	302493	302930	531
287	148	Op	3	+	302945	304099	1462
288	149	Op	1	-	304168	305283	881
289	149	Op	2	-	305362	306000	487
290	150	Op	1	+	306345	307499	1332
291	150	Op	2	+	307512	308219	638
292	150	Op	3	+	308216	309445	1195
293	151	Op	1	-	309500	310204	652
294	151	Op	2	-	310204	311679	1633
295	152	Tu	1	+	311822	312289	523
296	153	Tu	1	+	312420	313172	888
297	154	Op	1	+	313333	313980	874
298	154	Op	2	+	313985	314992	976
299	154	Op	3	+	315005	315844	1053
300	154	Op	4	+	315866	316654	1057
301	155	Op	1	+	316884	317990	1067
302	155	Op	2	+	318011	319018	1092
303	155	Op	3	+	319033	319509	429
304	155	Op	4	+	319545	320840	1143
305	156	Tu	1	-	320988	321860	745
306	157	Op	1	+	321989	323491	1495
307	157	Op	2	+	323488	324774	1342
308	157	Op	3	+	324802	325650	996
309	157	Op	4	+	325668	325958	296
310	158	Op	1	+	326168	327088	895
311	158	Op	2	+	327090	327926	761
312	159	Tu	1	-	328010	328210	365
313	160	Tu	1	-	328317	329798	1664
314	161	Tu	1	-	330000	330110	75
315	162	Tu	1	+	330616	331215	818
316	163	Tu	1	-	331285	331575	193
317	164	Op	1	+	331830	332645	1068
318	164	Op	2	+	332650	334107	1128
319	164	Op	3	+	334104	335471	1339
320	164	Op	4	+	335471	337204	1642
321	164	Op	5	+	337192	338016	783
322	164	Op	6	+	338017	339120	1016
323	165	Tu	1	-	339177	339875	689
324	166	Tu	1	-	340127	341653	1442
325	167	Tu	1	+	341874	342275	555
326	168	Tu	1	-	342319	343098	608
327	169	Op	1	+	343259	344062	964
328	169	Op	2	+	344055	344873	950
329	169	Op	3	+	344904	345380	680
330	169	Op	4	+	345397	346248	620
331	169	Op	5	+	346263	347153	974
332	169	Op	6	+	347166	348155	902
333	169	Op	7	+	348165	348584	626
334	170	Tu	1	-	348763	349572	824
335	171	Tu	1	+	349766	350374	834
336	172	Tu	1	+	350522	351502	1005
337	173	Tu	1	+	351652	352860	1538
338	174	Op	1	+	352991	353692	1052
339	174	Op	2	+	353788	354489	1000
340	175	Op	1	+	354789	355358	781
341	175	Op	2	+	355404	356690	1088
342	176	Tu	1	-	356730	357695	1164
343	177	Op	1	-	357896	360055	2131
344	177	Op	2	-	360036	360413	267
345	177	Op	3	-	360415	360639	396
346	178	Op	1	+	361152	361625	581
347	178	Op	2	+	361622	363772	1985
348	178	Op	3	+	363779	363916	226
349	179	Tu	1	+	365424	365522	101
350	180	Tu	1	-	365586	366278	43
351	181	Op	1	+	366574	367956	676
352	181	Op	2	+	367937	369124	245
353	181	Op	3	+	369150	371039	937
354	181	Op	4	+	371064	371729	554
355	181	Op	5	+	371783	371869	104
356	181	Op	6	+	371892	371972	195
357	181	Op	7	+	372005	372097	123
358	181	Op	8	+	372167	372259	204
359	182	Op	1	+	372362	372646	324
360	182	Op	2	+	372650	373108	335
361	182	Op	3	+	373175	374137	395
362	182	Op	4	+	374148	374888	642
363	182	Op	5	+	374909	375955	563
364	182	Op	6	+	376018	376689	371
365	182	Op	7	+	376725	377162	304
366	182	Op	8	+	377189	378379	641
367	182	Op	9	+	378369	381479	882
368	183	Op	1	+	381828	382292	169
369	183	Op	2	+	382321	383028	350
370	183	Op	3	+	383052	383405	242
371	184	Op	1	+	385238	386788	512
372	184	Op	2	+	386769	387377	368
373	185	Op	1	+	387841	388680	1097
374	185	Op	2	+	388703	389185	642
375	186	Tu	1	+	389351	390796	1135
376	187	Tu	1	+	391494	392750	1436
377	188	Tu	1	+	393049	394911	2174
378	189	Tu	1	+	395114	396532	1698
379	190	Tu	1	+	396657	398063	1536
380	191	Tu	1	+	398420	399337	1095
381	192	Tu	1	-	399389	399838	564
382	193	Tu	1	-	399977	400483	742
383	194	Tu	1	-	400615	401568	1292
384	195	Op	1	+	401736	402098	246
385	195	Op	2	+	402114	402524	340
386	196	Tu	1	-	402571	403398	714
387	197	Op	1	+	403540	404508	844
388	197	Op	2	+	404531	405490	830
389	198	Tu	1	-	405504	405851	277
390	199	Tu	1	+	405963	406580	896
391	200	Tu	1	+	406767	407780	1056
392	201	Tu	1	-	407851	408699	778
393	202	Tu	1	-	408888	409214	430
394	203	Op	1	+	409345	409623	226
395	203	Op	2	+	409628	410563	912
396	204	Op	1	+	410734	411330	868
397	204	Op	2	+	411373	412218	1138
398	205	Op	1	+	412348	413109	821
399	205	Op	2	+	413122	414522	1362
400	205	Op	3	+	414610	415260	672
401	206	Tu	1	+	415435	416763	1181
402	207	Tu	1	-	416788	418596	2022
403	208	Tu	1	+	418742	419251	323
404	209	Op	1	+	419382	420110	943
405	209	Op	2	+	420163	420633	437
406	210	Tu	1	-	420709	420882	335
407	211	Tu	1	-	420995	421969	1033
408	212	Tu	1	+	422000	422572	657
409	213	Tu	1	-	422639	424165	1478
410	214	Tu	1	+	424369	426018	1613
411	215	Tu	1	+	426127	426861	909
412	216	Tu	1	+	426995	428410	2003
413	217	Tu	1	+	428555	428788	415
414	218	Tu	1	-	428953	429972	802
415	219	Op	1	+	430209	431162	960
416	219	Op	2	+	431163	432680	1517
417	220	Op	1	+	432822	433277	682
418	220	Op	2	+	433311	434831	1331
419	220	Op	3	+	434842	435396	482
420	221	Tu	1	-	435518	436369	834
421	222	Op	1	+	436724	438910	2468
422	222	Op	2	+	438973	439314	525
423	223	Op	1	+	439470	440705	1238
424	223	Op	2	+	440702	443413	2674
425	223	Op	3	+	443410	444354	992
426	224	Tu	1	-	444393	445421	1178
427	225	Op	1	-	445585	445929	387
428	225	Op	2	-	445930	446355	485
429	226	Op	1	+	446571	447308	945
430	226	Op	2	+	447310	448521	1042
431	227	Op	1	+	448650	449429	723
432	227	Op	2	+	449502	450146	985
433	228	Tu	1	-	450206	450952	560
434	229	Op	1	+	451131	452057	958
435	229	Op	2	+	452062	453486	1764
436	229	Op	3	+	453508	453969	611
437	229	Op	4	+	453966	454943	1056
438	230	Tu	1	+	455132	455665	408
439	231	Tu	1	-	455753	456184	577
440	232	Tu	1	+	456329	457474	1309
441	233	Tu	1	+	457649	459028	1629
442	234	Tu	1	+	459202	460776	1904
443	235	Op	1	+	460952	461395	466
444	235	Op	2	+	461411	462058	654
445	236	Tu	1	+	462164	463195	966
446	237	Tu	1	-	463238	463552	439
447	238	Tu	1	-	463747	465987	3108
448	239	Tu	1	-	466113	466289	109
449	240	Tu	1	+	466289	466480	357
450	241	Op	1	+	466651	466917	407
451	241	Op	2	+	466917	468644	2198
452	242	Op	1	-	468689	469723	950
453	242	Op	2	-	469804	470541	634
454	242	Op	3	-	470596	472881	1634
455	243	Tu	1	+	473234	474517	1904
456	244	Tu	1	+	474629	475291	588
457	245	Op	1	-	475338	477260	2303
458	245	Op	2	-	477284	478201	975
459	245	Op	3	-	478198	478950	710
460	246	Tu	1	-	479086	480645	1500
461	247	Tu	1	+	480810	483068	2584
462	248	Tu	1	+	483194	485224	2188
463	249	Tu	1	+	485378	485488	176
464	250	Op	1	+	485806	486111	424
465	250	Op	2	+	486111	487580	1991
466	250	Op	3	+	487580	489010	1774
467	250	Op	4	+	489029	490117	1242
468	251	Op	1	+	490317	491690	1628
469	251	Op	2	+	491691	491819	175
470	252	Tu	1	+	492104	492421	410
471	253	Tu	1	-	492464	493429	658
472	254	Op	1	+	493707	494726	1220
473	254	Op	2	+	494793	496169	1391
474	254	Op	3	+	496162	497259	1120
475	254	Op	4	+	497271	498200	1085
476	255	Tu	1	+	498397	499983	1724
477	256	Op	1	+	500539	501237	614
478	256	Op	2	+	501246	501890	842
479	257	Tu	1	+	502240	502671	242
480	258	Tu	1	+	502784	503170	605
481	259	Tu	1	-	503217	503552	462
482	260	Tu	1	+	503850	505241	1869
483	261	Tu	1	+	505516	505896	530
484	262	Op	1	+	506049	507215	955
485	262	Op	2	+	507314	508024	738
486	263	Tu	1	+	508657	509607	1289
487	264	Op	1	+	509831	510169	254
488	264	Op	2	+	510169	510900	820
489	264	Op	3	+	510917	511696	936
490	264	Op	4	+	511716	513815	1902
491	264	Op	5	+	513838	514578	896
492	264	Op	6	+	514654	515748	928
493	265	Op	1	+	515950	516399	257
494	265	Op	2	+	516403	517851	964
495	266	Op	1	+	517961	519865	2093
496	266	Op	2	+	519901	520620	562
497	267	Op	1	-	520668	521405	1013
498	267	Op	2	-	521407	523575	2490
499	268	Tu	1	+	523854	525851	2128
500	269	Tu	1	+	525969	528788	2933
501	270	Tu	1	+	528960	529754	822
502	271	Op	1	+	529920	530807	1006
503	271	Op	2	+	530807	531802	949
504	271	Op	3	+	531836	532771	1017
505	272	Tu	1	+	533005	533928	1157
506	273	Tu	1	+	534042	534560	627
507	274	Tu	1	-	534605	535198	782
508	275	Tu	1	+	535394	535912	546
509	276	Tu	1	-	535933	536337	471
510	277	Op	1	+	536801	540160	4087
511	277	Op	2	+	540185	540568	366
512	278	Op	1	+	540742	541251	459
513	278	Op	2	+	541281	543068	1514
514	278	Op	3	+	543094	543501	405
515	279	Tu	1	+	543735	543935	358
516	280	Tu	1	+	544052	544162	127
517	281	Tu	1	+	544722	546053	1672
518	282	Tu	1	+	546254	548131	1727
519	283	Op	1	+	548257	548952	451
520	283	Op	2	+	548945	549637	334
521	284	Tu	1	+	549806	550990	1716
522	285	Op	1	+	551161	552627	1596
523	285	Op	2	+	552666	553457	928
524	286	Tu	1	-	553538	554200	640
525	287	Op	1	+	554454	556169	1756
526	287	Op	2	+	556169	557938	2122
527	288	Tu	1	+	558348	558953	588
528	289	Op	1	+	559092	560171	1190
529	289	Op	2	+	560176	560844	832
530	290	Op	1	-	560902	561465	571
531	290	Op	2	-	561465	562433	824
532	290	Op	3	-	562449	563099	572
533	291	Op	1	-	563267	564292	970
534	291	Op	2	-	564292	564951	663
535	292	Tu	1	+	565268	567481	2243
536	293	Tu	1	+	567886	570300	2985
537	294	Op	1	-	570355	570579	237
538	294	Op	2	-	570676	571119	404
539	295	Op	1	-	571295	572125	897
540	295	Op	2	-	572139	572774	829
541	295	Op	3	-	572787	573428	682
542	296	Tu	1	+	574264	575895	1841
543	297	Tu	1	+	576002	576250	335
544	298	Op	1	+	576646	578370	1476
545	298	Op	2	+	578374	579201	721
546	299	Op	1	+	579584	580747	886
547	299	Op	2	+	580760	582538	1653
548	300	Tu	1	-	582563	583270	730
549	301	Op	1	+	583498	584424	997
550	301	Op	2	+	584473	585264	1230
551	301	Op	3	+	585257	586057	952
552	302	Tu	1	+	586172	589186	2694
553	303	Tu	1	-	589255	589578	467
554	304	Tu	1	-	589830	590438	883
555	305	Op	1	+	590769	591551	669
556	305	Op	2	+	591548	592228	648
557	306	Tu	1	-	592263	592718	496
558	307	Op	1	+	592801	592896	81
559	307	Op	2	+	592893	593522	882
560	308	Tu	1	+	593692	594033	332
561	309	Tu	1	+	594136	595101	870
562	310	Op	1	+	595472	597391	1573
563	310	Op	2	+	597357	597680	490
564	310	Op	3	+	597695	598051	550
565	310	Op	4	+	598082	598438	440
566	310	Op	5	+	598454	599233	977
567	310	Op	6	+	599253	599948	1055
568	311	Op	1	+	600079	601392	1409
569	311	Op	2	+	601469	601717	171
570	311	Op	3	+	601726	602814	1157
571	311	Op	4	+	602823	603932	1225
572	311	Op	5	+	603922	604509	548
573	312	Op	1	+	604682	605692	1009
574	312	Op	2	+	605786	606814	945
575	312	Op	3	+	606811	607257	513
576	313	Op	1	+	607398	608468	1299
577	313	Op	2	+	608547	609920	1623
578	314	Tu	1	+	610223	611770	1999
579	315	Op	1	+	612402	612755	413
580	315	Op	2	+	612785	613900	1170
581	315	Op	3	+	613916	614293	430
582	316	Op	1	+	614616	615311	616
583	316	Op	2	+	615336	616631	1423
584	316	Op	3	+	616636	616938	155
585	317	Tu	1	+	617170	617745	435
586	318	Tu	1	-	617800	619278	1289
587	319	Op	1	+	619452	620204	724
588	319	Op	2	+	620283	620513	414
589	319	Op	3	+	620547	623333	2668
590	320	Tu	1	+	623554	624723	1180
591	321	Tu	1	+	625021	626844	1615
592	322	Op	1	-	626879	627343	354
593	322	Op	2	-	627415	628077	881
594	322	Op	3	-	628081	629001	1165
595	322	Op	4	-	629004	629639	914
596	322	Op	5	-	629643	630827	1357
597	323	Tu	1	-	631463	632353	955
598	324	Tu	1	+	632519	633550	1152
599	325	Tu	1	-	633895	634143	270
600	326	Tu	1	+	635023	637668	3159
601	327	Tu	1	+	638002	640008	1784
602	328	Tu	1	-	640078	640776	695
603	329	Tu	1	+	641088	643046	2089
604	330	Op	1	+	643170	644594	428
605	330	Op	2	+	644663	645574	1091
606	331	Op	1	+	645762	648410	3168
607	331	Op	2	+	648510	649352	839
608	331	Op	3	+	649349	649948	741
609	332	Op	1	+	650128	650610	531
610	332	Op	2	+	650626	652035	1570
611	332	Op	3	+	652035	652964	1068
612	333	Op	1	+	653151	654254	988
613	333	Op	2	+	654268	655788	1089
614	333	Op	3	+	655778	657361	1211
615	333	Op	4	+	657358	658620	1088
616	333	Op	5	+	658635	660701	1976
617	333	Op	6	+	660703	661551	869
618	333	Op	7	+	661567	661878	416
619	334	Op	1	-	661925	663079	1263
620	334	Op	2	-	663095	663817	843
621	334	Op	3	-	663810	665273	1569
622	335	Tu	1	+	665462	666550	1146
623	336	Op	1	+	666709	667854	1161
624	336	Op	2	+	667936	668313	563
625	337	Tu	1	+	668593	668880	279
626	338	Tu	1	+	669036	671633	3158
627	339	Op	1	-	671678	672721	936
628	339	Op	2	-	672705	673811	1012
629	339	Op	3	-	673814	674809	1147
630	339	Op	4	-	674809	675753	801
631	340	Op	1	-	676023	676658	414
632	340	Op	2	-	676655	677728	1001
633	341	Tu	1	+	677972	679642	1890
634	342	Tu	1	-	679721	680071	301
635	343	Op	1	+	680162	681103	1038
636	343	Op	2	+	681103	682155	1093
637	343	Op	3	+	682171	683223	1377
638	343	Op	4	+	683223	684179	1271
639	343	Op	5	+	684220	685290	604
640	344	Tu	1	+	685710	686210	441
641	345	Op	1	+	686324	686524	276
642	345	Op	2	+	686585	686944	618
643	346	Tu	1	-	686990	687340	423
644	347	Tu	1	+	687438	687797	531
645	348	Op	1	+	687923	688357	579
646	348	Op	2	+	688375	688890	542
647	349	Op	1	-	688906	690081	1106
648	349	Op	2	-	690175	691203	963
649	350	Op	1	+	691316	692146	533
650	350	Op	2	+	692211	693083	903
651	351	Op	1	+	693358	693582	275
652	351	Op	2	+	693671	694345	742
653	351	Op	3	+	694359	695384	963
654	352	Op	1	+	695532	696395	994
655	352	Op	2	+	696436	697827	1367
656	353	Op	1	+	698015	700024	2502
657	353	Op	2	+	700124	700399	132
658	354	Tu	1	-	700458	701063	556
659	355	Tu	1	-	701184	703382	2330
660	356	Op	1	+	703541	704311	1003
661	356	Op	2	+	704320	704892	770
662	356	Op	3	+	704911	705798	915
663	357	Tu	1	+	705926	706543	671
664	358	Tu	1	-	706593	707696	1452
665	359	Tu	1	+	707882	708304	526
666	360	Tu	1	+	708578	709117	532
667	361	Op	1	-	709169	710935	1534
668	361	Op	2	-	710925	712652	1384
669	362	Tu	1	+	712778	713545	616
670	363	Op	1	+	713806	715014	1347
671	363	Op	2	+	715111	715674	878
672	364	Op	1	-	715720	716244	442
673	364	Op	2	-	716296	717165	990
674	365	Tu	1	+	717299	717979	781
675	366	Tu	1	+	718135	719118	1240
676	367	Op	1	+	719276	719755	627
677	367	Op	2	+	719748	720269	594
678	368	Tu	1	+	720439	720648	285
679	369	Op	1	-	720722	721732	1017
680	369	Op	2	-	721756	722763	656
681	369	Op	3	-	722753	723421	670
682	369	Op	4	-	723414	725708	2104
683	370	Tu	1	+	725989	728157	2432
684	371	Tu	1	+	728372	729196	695
685	372	Tu	1	-	729256	730071	1136
686	373	Op	1	+	730198	731160	633
687	373	Op	2	+	731141	731440	343
688	373	Op	3	+	731457	731747	322
689	374	Op	1	-	731907	732620	376
690	374	Op	2	-	732625	733257	434
691	374	Op	3	-	733268	733633	199
692	375	Op	1	-	734004	734951	318
693	375	Op	2	-	735047	735166	226
694	376	Tu	1	+	735560	736336	773
695	377	Tu	1	+	736578	738470	1033
696	378	Op	1	+	738899	739207	514
697	378	Op	2	+	739240	739584	483
698	378	Op	3	+	739597	739884	502
699	379	Tu	1	+	740121	740534	441
700	380	Tu	1	-	740605	741420	643
701	381	Op	1	+	741592	742656	1473
702	381	Op	2	+	742670	742990	454
703	382	Op	1	+	743323	743754	718
704	382	Op	2	+	743747	744199	569
705	383	Op	1	+	744303	745148	1026
706	383	Op	2	+	745158	746504	1420
707	383	Op	3	+	746506	746736	490
708	383	Op	4	+	746736	747617	1208
709	383	Op	5	+	747631	748446	803
710	384	Op	1	+	748813	748941	191
711	384	Op	2	+	749017	749370	107
712	384	Op	3	+	749375	750235	727
713	385	Op	1	+	750367	750816	454
714	385	Op	2	+	750834	752507	1979
715	386	Op	1	-	752598	752708	165
716	386	Op	2	-	752776	753732	721
717	387	Tu	1	+	754007	754378	127
718	388	Op	1	+	754666	755097	466
719	388	Op	2	+	755112	756068	955
720	388	Op	3	+	756085	756492	538
721	388	Op	4	+	756492	758720	2261
722	388	Op	5	+	758748	759713	994
723	388	Op	6	+	759736	761106	1304
724	388	Op	7	+	761111	762202	1166
725	388	Op	8	+	762211	763335	969
726	389	Op	1	+	763509	764831	1466
727	389	Op	2	+	764858	766090	1492
728	389	Op	3	+	766107	766784	533
729	389	Op	4	+	766798	767442	686
730	389	Op	5	+	767519	767728	141
731	389	Op	6	+	767755	768537	730
732	390	Tu	1	+	768689	769390	911
733	391	Tu	1	+	769701	772481	3055
734	392	Op	1	-	772533	774056	1714
735	392	Op	2	-	774056	774724	783
736	393	Tu	1	-	774896	775264	312
737	394	Tu	1	+	775463	776194	646
738	395	Op	1	+	776300	777298	1362
739	395	Op	2	+	777325	778626	1298
740	395	Op	3	+	778671	781376	2585
741	396	Tu	1	+	781605	781922	497
742	397	Op	1	+	782064	783527	1716
743	397	Op	2	+	783571	783789	386
744	397	Op	3	+	783809	784003	190
745	397	Op	4	+	784003	784413	411
746	398	Op	1	+	784689	785015	457
747	398	Op	2	+	785038	785358	428
748	398	Op	3	+	785424	786701	1454
749	398	Op	4	+	786785	788179	1794
750	398	Op	5	+	788237	789430	1252
751	398	Op	6	+	789513	789632	192
752	399	Tu	1	+	790029	790361	327
753	400	Tu	1	-	790475	793120	2626
754	401	Op	1	+	793290	793919	735
755	401	Op	2	+	793932	794744	1018
756	402	Op	1	-	794815	797346	2433
757	402	Op	2	-	797343	798077	548
758	403	Op	1	+	798254	798838	537
759	403	Op	2	+	798861	799916	990
760	403	Op	3	+	799933	800589	462
761	404	Tu	1	-	800693	802930	1432
762	405	Op	1	+	803092	805341	2346
763	405	Op	2	+	805436	806365	778
764	405	Op	3	+	806408	807061	667
765	406	Tu	1	+	807180	807581	535
766	407	Tu	1	+	807741	809351	1530
767	408	Tu	1	+	809494	810579	1086
768	409	Tu	1	-	810694	811497	992
769	410	Tu	1	+	811649	812278	458
770	411	Tu	1	+	812430	813836	1585
771	412	Tu	1	+	814046	815242	941
772	413	Tu	1	-	815297	815482	266
773	414	Tu	1	+	815600	818929	2911
774	415	Op	1	+	819102	820064	1258
775	415	Op	2	+	820129	821886	2297
776	416	Op	1	+	822260	822829	619
777	416	Op	2	+	822886	823065	207
778	417	Tu	1	+	823270	824691	1621
779	418	Op	1	+	824849	825535	857
780	418	Op	2	+	825546	827054	1272
781	419	Tu	1	-	828808	829068	294
782	420	Op	1	-	829363	830172	854
783	420	Op	2	-	830231	831988	1398
784	421	Tu	1	+	832533	833045	444
785	422	Op	1	+	833314	834912	1442
786	422	Op	2	+	834912	835337	633
787	423	Tu	1	-	835392	837062	1476
788	424	Op	1	+	837443	839104	1880
789	424	Op	2	+	839132	840355	1096
790	424	Op	3	+	840352	841569	1357
791	425	Op	1	+	841804	842283	419
792	425	Op	2	+	842359	842781	399
793	426	Tu	1	-	842827	843465	620
794	427	Tu	1	-	843586	843732	195
795	428	Tu	1	-	843863	844900	895
796	429	Op	1	+	845120	846283	1174
797	429	Op	2	+	846299	847288	1112
798	429	Op	3	+	847300	848793	1392
799	429	Op	4	+	848800	849804	839
800	429	Op	5	+	849886	850380	344
801	429	Op	6	+	850444	850707	326
802	429	Op	7	+	850780	851286	540
803	429	Op	8	+	851335	851775	487
804	430	Tu	1	+	851968	853122	1276
805	431	Op	1	+	853274	854590	1396
806	431	Op	2	+	854595	854984	474
807	431	Op	3	+	855071	855253	260
808	431	Op	4	+	855271	855576	336
809	431	Op	5	+	855629	856060	485
810	431	Op	6	+	856131	856373	239
811	432	Tu	1	+	856743	857189	441
812	433	Op	1	+	857329	858042	508
813	433	Op	2	+	858113	858508	303
814	434	Tu	1	-	858694	860115	1221
815	435	Op	1	+	860443	863754	3104
816	435	Op	2	+	863758	865188	1339
817	435	Op	3	+	865185	867068	2109
818	435	Op	4	+	867162	868016	699
819	436	Tu	1	-	868084	868377	188
820	437	Tu	1	+	868573	868776	399
821	438	Tu	1	+	869136	869648	542
822	439	Tu	1	-	870458	870763	323
823	440	Tu	1	+	871098	873122	1741
824	441	Op	1	+	873247	874842	1351
825	441	Op	2	+	874912	875646	580
826	442	Tu	1	-	875643	876044	482
827	443	Tu	1	-	876153	877505	1346
828	444	Tu	1	-	877676	877861	280
829	445	Tu	1	-	878042	878347	204
830	446	Op	1	+	878699	879460	841
831	446	Op	2	+	879473	880945	1266
832	446	Op	3	+	880938	881657	886
833	447	Tu	1	+	881878	882426	613
834	448	Op	1	+	882537	886127	3226
835	448	Op	2	+	886120	889914	3430
836	448	Op	3	+	889984	890328	387
837	449	Op	1	+	890647	891693	1306
838	449	Op	2	+	891701	894124	2927
839	450	Op	1	-	894322	894987	712
840	450	Op	2	-	894999	895712	571
841	450	Op	3	-	895758	896585	1053
842	450	Op	4	-	896620	897351	856
843	451	Op	1	+	897622	898443	823
844	451	Op	2	+	898436	899791	1561
845	451	Op	3	+	899804	900316	510
846	452	Tu	1	-	900410	901174	514
847	453	Op	1	+	901368	902435	1072
848	453	Op	2	+	902453	902911	443
849	453	Op	3	+	902924	904411	1377
850	453	Op	4	+	904426	904725	393
851	453	Op	5	+	904739	905377	698
852	453	Op	6	+	905382	906242	743
853	453	Op	7	+	906232	906942	610
854	454	Op	1	+	907199	907687	576
855	454	Op	2	+	907768	908469	913
856	454	Op	3	+	908548	909675	1218
857	455	Tu	1	+	909932	910528	404
858	456	Op	1	+	911103	911807	487
859	456	Op	2	+	911839	912519	657
860	456	Op	3	+	912551	913495	731
861	456	Op	4	+	913583	913846	241
862	456	Op	5	+	913849	914385	270
863	457	Op	1	+	914733	914987	175
864	457	Op	2	+	915007	915204	127
865	458	Tu	1	-	915230	916150	989
866	459	Op	1	+	916320	916682	186
867	459	Op	2	+	916759	917583	1028
868	460	Tu	1	-	917634	918356	739
869	461	Tu	1	-	918499	918873	552
870	462	Tu	1	+	919022	919468	369
871	463	Op	1	-	919532	920344	990
872	463	Op	2	-	920363	921733	1388
873	463	Op	3	-	921730	922581	836
874	464	Op	1	+	922877	923314	624
875	464	Op	2	+	923391	924008	895
876	465	Tu	1	+	924316	925926	2083
877	466	Op	1	-	926010	928346	2297
878	466	Op	2	-	928388	929005	348
879	467	Op	1	+	929068	929610	552
880	467	Op	2	+	929704	930114	506
881	468	Tu	1	-	930137	930316	113
882	469	Op	1	+	930828	931991	1271
883	469	Op	2	+	932010	933506	1700
884	469	Op	3	+	933539	934255	847
885	469	Op	4	+	934270	934917	628
886	470	Op	1	+	935091	935855	710
887	470	Op	2	+	935852	937150	1230
888	471	Op	1	+	937320	938273	1119
889	471	Op	2	+	938293	938622	506
890	471	Op	3	+	938641	939996	1492
891	471	Op	4	+	940014	940280	302
892	471	Op	5	+	940228	940521	161
893	472	Op	1	+	940639	943020	1803
894	472	Op	2	+	943017	943982	1051
895	472	Op	3	+	944004	944687	688
896	473	Tu	1	-	944704	945198	668
897	474	Tu	1	+	945433	946389	978
898	475	Tu	1	+	946592	947461	1295
899	476	Op	1	+	947635	948927	1704
900	476	Op	2	+	948942	950216	1107
901	476	Op	3	+	950316	950585	206
902	477	Op	1	+	950902	952014	580
903	477	Op	2	+	952004	952750	437
904	477	Op	3	+	952751	953344	367
905	477	Op	4	+	953397	953807	404
906	478	Op	1	+	953946	955010	772
907	478	Op	2	+	955003	955215	231
908	479	Op	1	+	955442	956320	1093
909	479	Op	2	+	956411	956659	456
910	480	Op	1	-	956717	957451	758
911	480	Op	2	-	957535	957993	744
912	481	Op	1	+	958200	959267	1157
913	481	Op	2	+	959301	960173	784
914	481	Op	3	+	960204	961892	1867
915	482	Op	1	+	962017	963399	1283
916	482	Op	2	+	963434	964063	807
917	482	Op	3	+	964069	964839	1020
918	482	Op	4	+	964842	965480	499
919	483	Op	1	+	965607	966176	715
920	483	Op	2	+	966169	967029	1069
921	484	Tu	1	+	967183	967848	968
922	485	Op	1	+	968022	968726	1013
923	485	Op	2	+	968733	970562	1883
924	485	Op	3	+	970562	971869	1104
925	485	Op	4	+	971869	972723	683
926	485	Op	5	+	972780	973586	901
927	486	Op	1	+	973797	974711	896
928	486	Op	2	+	974730	975596	822
929	487	Op	1	-	975648	976139	534
930	487	Op	2	-	976154	976906	647
931	488	Op	1	+	977342	977611	494
932	488	Op	2	+	977608	978030	424
933	488	Op	3	+	978068	978373	498
934	489	Tu	1	-	978712	978774	218
935	490	Tu	1	+	978874	979722	894
936	491	Op	1	-	979794	980963	1516
937	491	Op	2	-	980995	982320	1356
938	492	Op	1	+	982468	984018	1677
939	492	Op	2	+	983999	984691	612
940	493	Tu	1	+	984877	986220	1855
941	494	Tu	1	-	986273	987184	1079
942	495	Op	1	+	987462	989114	1887
943	495	Op	2	+	989126	989830	761
944	496	Tu	1	+	989988	991070	903
945	497	Tu	1	-	991185	991904	657
946	498	Tu	1	+	992153	992557	417
947	499	Op	1	+	992765	993601	900
948	499	Op	2	+	993594	994373	747
949	499	Op	3	+	994412	995452	1186
950	499	Op	4	+	995479	996543	1369
951	499	Op	5	+	996564	998303	1557
952	499	Op	6	+	998287	999615	1263
953	500	Tu	1	+	999821	1000690	839
954	501	Op	1	+	1000910	1001845	887
955	501	Op	2	+	1001872	1002480	689
956	501	Op	3	+	1002499	1003755	1220
957	502	Op	1	+	1004167	1005657	696
958	502	Op	2	+	1005599	1006282	436
959	502	Op	3	+	1006303	1006398	166
960	503	Tu	1	+	1006606	1007430	988
961	504	Op	1	+	1007722	1008633	993
962	504	Op	2	+	1008648	1009529	636
963	504	Op	3	+	1009547	1011145	2011
964	504	Op	4	+	1011202	1011795	386
965	504	Op	5	+	1011788	1012705	800
966	504	Op	6	+	1012686	1013450	647
967	504	Op	7	+	1013455	1015605	2348
968	504	Op	8	+	1015623	1018898	2865
969	504	Op	9	+	1018914	1019879	912
970	505	Tu	1	-	1019912	1020463	508
971	506	Tu	1	-	1020713	1021426	828
972	507	Op	1	+	1021669	1023102	1665
973	507	Op	2	+	1023127	1024176	1195
974	508	Tu	1	+	1024650	1025108	527
975	509	Op	1	-	1025147	1025488	408
976	509	Op	2	-	1025562	1025825	443
977	510	Tu	1	-	1025981	1027693	1791
978	511	Op	1	+	1027913	1028572	604
979	511	Op	2	+	1028636	1028743	164
980	512	Op	1	+	1029774	1030763	1038
981	512	Op	2	+	1030788	1031675	1098
982	512	Op	3	+	1031672	1032439	875
983	513	Op	1	-	1032473	1032934	451
984	513	Op	2	-	1032946	1033722	715
985	514	Tu	1	+	1033954	1034160	228
986	515	Tu	1	-	1034178	1034957	973
987	516	Op	1	+	1035172	1035891	869
988	516	Op	2	+	1035891	1037360	1385
989	517	Op	1	-	1037399	1037950	561
990	517	Op	2	-	1037965	1038666	395
991	518	Tu	1	-	1038772	1040880	1864
992	519	Tu	1	+	1041138	1042310	1146
993	520	Tu	1	-	1042377	1043294	911
994	521	Tu	1	+	1043537	1045933	2074
995	522	Tu	1	+	1046075	1047961	1727
996	523	Tu	1	+	1048167	1048640	622
997	524	Op	1	+	1048784	1049983	1561
998	524	Op	2	+	1050004	1050303	447
999	524	Op	3	+	1050293	1050598	221
1000	524	Op	4	+	1050611	1053007	2553
1001	524	Op	5	+	1053032	1053382	642
1002	525	Op	1	-	1053755	1054228	464
1003	525	Op	2	-	1054275	1054757	564
1004	526	Op	1	+	1054975	1055109	173
1005	526	Op	2	+	1055140	1055910	720
1006	526	Op	3	+	1055929	1056771	727
1007	526	Op	4	+	1056774	1056866	216
1008	526	Op	5	+	1056859	1057230	319
1009	526	Op	6	+	1057250	1057657	604
1010	527	Op	1	+	1057903	1058295	401
1011	527	Op	2	+	1058308	1058820	937
1012	527	Op	3	+	1058853	1059212	450
1013	527	Op	4	+	1059305	1059598	325
1014	527	Op	5	+	1059588	1062521	3460
1015	527	Op	6	+	1062523	1063449	1271
1016	527	Op	7	+	1063462	1064919	1195
1017	527	Op	8	+	1064952	1066721	1610
1018	527	Op	9	+	1066745	1067140	443
1019	528	Tu	1	+	1067285	1068382	1164
1020	529	Op	1	+	1068536	1069456	929
1021	529	Op	2	+	1069482	1070432	1140
1022	529	Op	3	+	1070432	1071028	606
1023	530	Op	1	+	1071178	1071519	355
1024	530	Op	2	+	1071506	1071847	472
1025	530	Op	3	+	1071873	1072133	301
1026	531	Op	1	+	1072292	1073467	876
1027	531	Op	2	+	1073433	1074581	839
1028	532	Op	1	-	1074643	1075530	780
1029	532	Op	2	-	1075554	1076429	764
1030	533	Op	1	+	1076909	1076998	97
1031	533	Op	2	+	1076967	1079627	2344
1032	533	Op	3	+	1079698	1079814	108
1033	533	Op	4	+	1079835	1081019	1091
1034	534	Op	1	+	1081245	1082288	1101
1035	534	Op	2	+	1082343	1082882	785
1036	534	Op	3	+	1082942	1084771	2446
1037	535	Op	1	+	1084886	1085008	98
1038	535	Op	2	+	1085063	1086232	1495
1039	536	Op	1	+	1086471	1087205	784
1040	536	Op	2	+	1087303	1089495	2768
1041	536	Op	3	+	1089498	1089983	276
1042	537	Tu	1	+	1090382	1091599	1114
1043	538	Tu	1	-	1091665	1091841	310
1044	539	Tu	1	+	1092019	1092846	866
1045	540	Tu	1	+	1092947	1094095	1417
1046	541	Op	1	-	1094138	1094524	608
1047	541	Op	2	-	1094538	1095197	669
1048	542	Op	1	+	1095358	1096059	884
1049	542	Op	2	+	1096069	1098705	2112
1050	543	Op	1	+	1098898	1099422	558
1051	543	Op	2	+	1099439	1100908	2044
1052	544	Tu	1	+	1101055	1101288	354
1053	545	Tu	1	+	1101701	1101880	224
1054	546	Tu	1	-	1101936	1102544	525
1055	547	Tu	1	+	1102723	1106970	3656
1056	548	Tu	1	+	1107176	1107883	883
1057	549	Op	1	+	1108409	1108474	115
1058	549	Op	2	+	1108544	1108627	125
1059	550	Op	1	+	1108783	1109541	309
1060	550	Op	2	+	1109505	1110377	156
1061	550	Op	3	+	1110400	1111344	268
1062	550	Op	4	+	1111322	1112080	304
1063	550	Op	5	+	1112089	1112802	433
1064	551	Op	1	-	1113530	1114840	396
1065	551	Op	2	-	1114840	1115544	276
1066	552	Op	1	+	1116121	1116339	240
1067	552	Op	2	+	1116382	1116552	134
1068	553	Tu	1	+	1116721	1117635	1274
1069	554	Tu	1	-	1117678	1118139	647
1070	555	Tu	1	-	1118336	1118836	608
1071	556	Tu	1	-	1118955	1121294	2539
1072	557	Tu	1	+	1121440	1121928	419
1073	558	Op	1	-	1121966	1122829	631
1074	558	Op	2	-	1122833	1124176	935
1075	558	Op	3	-	1124262	1125512	1552
1076	559	Op	1	+	1125696	1125770	74
1077	559	Op	2	+	1125771	1127537	1564
1078	559	Op	3	+	1127565	1129190	1585
1079	559	Op	4	+	1129192	1130805	1442
1080	560	Tu	1	+	1130975	1131556	584
1081	561	Tu	1	+	1132032	1134641	2730
1082	562	Op	1	+	1135240	1136355	1547
1083	562	Op	2	+	1136358	1137335	1272
1084	563	Op	1	+	1137478	1139097	1939
1085	563	Op	2	+	1139105	1140511	1772
1086	564	Tu	1	-	1140624	1141610	934
1087	565	Op	1	+	1141771	1142910	1464
1088	565	Op	2	+	1142923	1143321	603
1089	565	Op	3	+	1143322	1144305	1420
1090	565	Op	4	+	1144318	1144920	903
1091	566	Tu	1	+	1145059	1145826	832
1092	567	Tu	1	-	1145899	1147050	1445
1093	568	Tu	1	+	1147236	1149647	2618
1094	569	Op	1	-	1149679	1150719	880
1095	569	Op	2	-	1150736	1151941	965
1096	570	Tu	1	-	1152096	1152296	293
1097	571	Tu	1	-	1152594	1153715	1224
1098	572	Tu	1	-	1154051	1154401	390
1099	573	Tu	1	+	1154593	1156026	1297
1100	574	Op	1	+	1156231	1156905	747
1101	574	Op	2	+	1156915	1158234	1272
1102	574	Op	3	+	1158248	1159201	1147
1103	575	Tu	1	+	1159315	1159653	357
1104	576	Tu	1	-	1159714	1160025	383
1105	577	Op	1	+	1160168	1161349	813
1106	577	Op	2	+	1161412	1162761	1512
1107	578	Tu	1	+	1163308	1163991	502
1108	579	Tu	1	+	1164337	1166979	3387
1109	580	Op	1	+	1167182	1167898	896
1110	580	Op	2	+	1167882	1169000	1215
1111	580	Op	3	+	1169029	1170258	1736
1112	581	Op	1	+	1170404	1170670	274
1113	581	Op	2	+	1170690	1171718	822
1114	582	Op	1	+	1171919	1172434	407
1115	582	Op	2	+	1172450	1173274	671
1116	582	Op	3	+	1173264	1173845	546
1117	582	Op	4	+	1173833	1174321	621
1118	582	Op	5	+	1174333	1175631	977
1119	582	Op	6	+	1175634	1178354	2393
1120	582	Op	7	+	1178373	1179575	833
1121	583	Op	1	+	1179866	1180348	365
1122	583	Op	2	+	1180354	1181319	678
1123	583	Op	3	+	1181322	1181756	336
1124	583	Op	4	+	1181749	1182231	497
1125	583	Op	5	+	1182235	1183206	871
1126	583	Op	6	+	1183225	1184025	894
1127	583	Op	7	+	1184034	1184705	560
1128	583	Op	8	+	1184702	1185706	749
1129	584	Tu	1	+	1185828	1187930	2477
1130	585	Op	1	+	1188199	1188642	536
1131	585	Op	2	+	1188662	1189210	442
1132	586	Op	1	+	1189321	1191687	2870
1133	586	Op	2	+	1191785	1192099	531
1134	587	Tu	1	+	1192264	1194060	1668
1135	588	Tu	1	+	1194212	1194469	256
1136	589	Op	1	+	1194574	1195473	768
1137	589	Op	2	+	1195466	1196728	1064
1138	590	Tu	1	-	1196764	1197762	984
1139	591	Tu	1	+	1197904	1199298	1632
1140	592	Tu	1	-	1199324	1199758	536
1141	593	Tu	1	+	1200094	1201542	1232
1142	594	Tu	1	-	1201583	1202869	1138
1143	595	Tu	1	+	1203007	1204353	1661
1144	596	Tu	1	+	1204535	1205884	1802
1145	597	Op	1	-	1205996	1207222	593
1146	597	Op	2	-	1207222	1207503	264
1147	598	Op	1	-	1207659	1208252	368
1148	598	Op	2	-	1208311	1209066	624
1149	598	Op	3	-	1209084	1209548	474
1150	598	Op	4	-	1209565	1209873	262
1151	599	Op	1	+	1210016	1210285	189
1152	599	Op	2	+	1210264	1210410	147
1153	599	Op	3	+	1210473	1211033	382
1154	599	Op	4	+	1211014	1211244	197
1155	599	Op	5	+	1211256	1211423	147
1156	599	Op	6	+	1211424	1211639	243
1157	599	Op	7	+	1211695	1211985	398
1158	599	Op	8	+	1211990	1214104	1536
1159	599	Op	9	+	1214105	1215277	783
1160	599	Op	10	+	1215277	1215978	476
1161	599	Op	11	+	1215996	1216754	413
1162	599	Op	12	+	1216770	1217267	295
1163	599	Op	13	+	1217288	1217602	108
1164	599	Op	14	+	1217686	1218435	521
1165	599	Op	15	+	1218460	1218654	138
1166	599	Op	16	+	1218685	1218912	260
1167	599	Op	17	+	1218971	1220167	573
1168	599	Op	18	+	1220175	1220402	119
1169	599	Op	19	+	1220408	1220851	453
1170	599	Op	20	+	1220841	1221104	222
1171	599	Op	21	+	1221104	1221445	393
1172	599	Op	22	+	1221442	1221681	371
1173	599	Op	23	+	1221682	1221960	358
1174	599	Op	24	+	1221972	1222553	548
1175	599	Op	25	+	1222553	1223038	338
1176	599	Op	26	+	1223039	1223356	426
1177	599	Op	27	+	1223350	1223553	230
1178	600	Tu	1	-	1223561	1223821	289
1179	601	Op	1	+	1223896	1223988	116
1180	601	Op	2	+	1224004	1224183	130
1181	602	Tu	1	+	1224284	1224868	495
1182	603	Tu	1	+	1225303	1225506	134
1183	604	Op	1	+	1225608	1225877	370
1184	604	Op	2	+	1225922	1227190	1098
1185	605	Op	1	+	1227332	1227544	262
1186	605	Op	2	+	1227559	1228284	361
1187	605	Op	3	+	1228265	1229701	1205
1188	605	Op	4	+	1229724	1231118	631
1189	605	Op	5	+	1231108	1232352	844
1190	605	Op	6	+	1232345	1232509	189
1191	605	Op	7	+	1232565	1232852	336
1192	605	Op	8	+	1232845	1233054	369
1193	605	Op	9	+	1233067	1234167	934
1194	605	Op	10	+	1234170	1234640	855
1195	605	Op	11	+	1234661	1235542	955
1196	605	Op	12	+	1235562	1235948	537
1197	605	Op	13	+	1235960	1236301	226
1198	605	Op	14	+	1236301	1236903	328
1199	605	Op	15	+	1236903	1237277	325
1200	605	Op	16	+	1237270	1237737	317
1201	605	Op	17	+	1237734	1238771	1175
1202	605	Op	18	+	1238787	1239185	447
1203	605	Op	19	+	1239238	1239570	433
1204	605	Op	20	+	1239611	1239751	78
1205	605	Op	21	+	1239754	1244919	4050
1206	605	Op	22	+	1244919	1245476	504
1207	605	Op	23	+	1245486	1245848	260
1208	605	Op	24	+	1245849	1246679	423
1209	605	Op	25	+	1246679	1247011	156
1210	605	Op	26	+	1247011	1247358	333
1211	605	Op	27	+	1247351	1248505	1038
1212	605	Op	28	+	1248489	1249118	445
1213	605	Op	29	+	1249137	1250519	724
1214	605	Op	30	+	1250535	1250969	353
1215	605	Op	31	+	1250969	1251097	254
1216	605	Op	32	+	1251102	1251458	307
1217	605	Op	33	+	1251455	1251652	228
1218	605	Op	34	+	1251711	1252817	1035
1219	606	Tu	1	-	1252872	1253120	164
1220	607	Tu	1	+	1253301	1253417	145
1221	608	Op	1	-	1253482	1253661	207
1222	608	Op	2	-	1253720	1254163	580
1223	609	Op	1	+	1254536	1254859	515
1224	609	Op	2	+	1254849	1256828	1975
1225	609	Op	3	+	1256856	1257329	761
1226	609	Op	4	+	1257346	1257927	870
1227	609	Op	5	+	1257944	1258945	924
1228	609	Op	6	+	1258935	1259246	416
1229	609	Op	7	+	1259264	1261045	2080
1230	609	Op	8	+	1261038	1262414	1850
1231	609	Op	9	+	1262419	1263054	684
1232	609	Op	10	+	1263129	1263539	545
1233	610	Op	1	-	1263590	1264537	1032
1234	610	Op	2	-	1264632	1266512	1643
1235	611	Tu	1	+	1266728	1268020	1298
1236	612	Tu	1	+	1268167	1269159	862
1237	613	Tu	1	-	1269175	1269708	293
1238	614	Tu	1	+	1269995	1270849	427
1239	615	Tu	1	+	1271062	1271601	451
1240	616	Tu	1	-	1271699	1272043	587
1241	617	Op	1	+	1272319	1273383	1018
1242	617	Op	2	+	1273400	1274776	976
1243	617	Op	3	+	1274794	1276446	1616
1244	618	Op	1	+	1276756	1277589	866
1245	618	Op	2	+	1277626	1279623	2507
1246	619	Op	1	+	1279864	1281345	897
1247	619	Op	2	+	1281335	1281697	397
1248	619	Op	3	+	1281786	1282103	488
1249	619	Op	4	+	1282123	1282572	445
1250	620	Tu	1	+	1282682	1283782	1243
1251	621	Tu	1	+	1283920	1284609	514
1252	622	Tu	1	+	1284900	1285517	755
1253	623	Tu	1	+	1285646	1287982	2388
1254	624	Tu	1	+	1288299	1290185	1618
1255	625	Tu	1	+	1290293	1291399	1492
1256	626	Op	1	+	1291551	1293626	2274
1257	626	Op	2	+	1293700	1294581	1027
1258	627	Tu	1	+	1294697	1295146	487
1259	628	Tu	1	-	1295197	1296207	1114
1260	629	Tu	1	+	1296495	1297811	1768
1261	630	Op	1	+	1297950	1298252	292
1262	630	Op	2	+	1298279	1299577	1541
1263	631	Tu	1	+	1299802	1300341	626
1264	632	Tu	1	+	1300484	1300858	501
1265	633	Tu	1	-	1300902	1301651	762
1266	634	Tu	1	+	1301833	1302924	1270
1267	635	Tu	1	+	1303119	1304048	1086
1268	636	Op	1	+	1304217	1305107	990
1269	636	Op	2	+	1305181	1305966	855
1270	636	Op	3	+	1305963	1306568	735
1271	636	Op	4	+	1306572	1307288	970
1272	637	Tu	1	+	1307633	1308298	560
1273	638	Tu	1	+	1308479	1309885	1241
1274	639	Tu	1	-	1309908	1310126	219
1275	640	Op	1	+	1310162	1311196	689
1276	640	Op	2	+	1311203	1312639	1222
1277	640	Op	3	+	1312715	1313332	693
1278	641	Tu	1	+	1313568	1314248	780
1279	642	Tu	1	+	1314362	1315573	1576
1280	643	Tu	1	+	1315747	1317057	1641
1281	644	Tu	1	+	1317305	1317580	504
1282	645	Op	1	+	1317887	1318927	852
1283	645	Op	2	+	1318937	1320193	1633
1284	645	Op	3	+	1320203	1320742	579
1285	646	Tu	1	-	1320780	1321664	959
1286	647	Op	1	+	1321788	1322138	431
1287	647	Op	2	+	1322131	1322910	931
1288	647	Op	3	+	1322853	1324127	1210
1289	647	Op	4	+	1324127	1324501	448
1290	647	Op	5	+	1324591	1325046	620
1291	648	Op	1	+	1325535	1326401	819
1292	648	Op	2	+	1326438	1327463	1281
1293	648	Op	3	+	1327486	1328562	1221
1294	648	Op	4	+	1328564	1329730	1399
1295	648	Op	5	+	1329764	1330858	936
1296	648	Op	6	+	1330871	1332151	1358
1297	648	Op	7	+	1332171	1332677	549
1298	648	Op	8	+	1332685	1333533	836
1299	649	Op	1	+	1333677	1334849	915
1300	649	Op	2	+	1334925	1335773	909
1301	650	Op	1	+	1335967	1336161	267
1302	650	Op	2	+	1336173	1336649	343
1303	651	Op	1	+	1336793	1337059	334
1304	651	Op	2	+	1337095	1339149	2198
1305	652	Tu	1	-	1339201	1339296	73
1306	653	Op	1	+	1339260	1341149	2197
1307	653	Op	2	+	1341167	1342114	1067
1308	653	Op	3	+	1342132	1342626	623
1309	653	Op	4	+	1342650	1343819	1071
1310	654	Tu	1	-	1343833	1344453	611
1311	655	Op	1	+	1344604	1344846	373
1312	655	Op	2	+	1344918	1346912	2319
1313	656	Tu	1	-	1346963	1348153	1090
1314	657	Tu	1	+	1348508	1349368	1025
1315	658	Tu	1	+	1349597	1350529	1281
1316	659	Tu	1	+	1350668	1351111	579
1317	660	Tu	1	+	1351409	1352749	1711
1318	661	Tu	1	-	1352800	1353408	617
1319	662	Op	1	+	1353616	1354086	291
1320	662	Op	2	+	1354106	1354633	564
1321	663	Tu	1	-	1354688	1355506	761
1322	664	Op	1	+	1355643	1357391	1579
1323	664	Op	2	+	1357384	1359162	1350
1324	664	Op	3	+	1359251	1359676	458
1325	665	Tu	1	+	1359816	1360826	1213
1326	666	Tu	1	+	1361129	1362565	1467
1327	667	Tu	1	-	1362778	1364211	1195
1328	668	Tu	1	-	1364345	1365190	752
1329	669	Tu	1	+	1365272	1365334	117
1330	670	Op	1	-	1365499	1367427	1943
1331	670	Op	2	-	1367444	1369117	1548
1332	671	Op	1	+	1369348	1370820	986
1333	671	Op	2	+	1370839	1371819	934
1334	672	Tu	1	-	1371879	1372040	205
1335	673	Op	1	-	1372149	1373558	1506
1336	673	Op	2	-	1373558	1375438	1854
1337	674	Tu	1	-	1375721	1377181	1392
1338	675	Tu	1	+	1377362	1377913	587
1339	676	Op	1	-	1377972	1378856	667
1340	676	Op	2	-	1378928	1379854	1235
1341	676	Op	3	-	1379950	1380714	690
1342	676	Op	4	-	1380791	1383037	2519
1343	677	Op	1	-	1383327	1385789	2753
1344	677	Op	2	-	1385802	1387859	2519
1345	678	Op	1	-	1388064	1388492	546
1346	678	Op	2	-	1388580	1389023	548
1347	678	Op	3	-	1389036	1390136	1613
1348	678	Op	4	-	1390149	1390412	432
1349	678	Op	5	-	1390425	1391024	508
1350	678	Op	6	-	1391039	1391665	684
1351	678	Op	7	-	1391678	1392247	253
1352	678	Op	8	-	1392315	1392605	534
1353	679	Op	1	-	1392729	1394207	1590
1354	679	Op	2	-	1394198	1394716	732
1355	679	Op	3	-	1394730	1395383	935
1356	679	Op	4	-	1395397	1396308	1194
1357	679	Op	5	-	1396326	1397690	1662
1358	679	Op	6	-	1397708	1399132	1466
1359	679	Op	7	-	1399223	1400656	1113
1360	679	Op	8	-	1400657	1401229	704
1361	679	Op	9	-	1401257	1401604	411
1362	680	Tu	1	-	1401764	1402894	1153
1363	681	Op	1	-	1403381	1403962	789
1364	681	Op	2	-	1403959	1404414	530
1365	682	Op	1	-	1404544	1405311	841
1366	682	Op	2	-	1405308	1406315	1055
1367	682	Op	3	-	1406308	1407267	1236
1368	683	Tu	1	+	1407820	1408449	606
1369	684	Op	1	-	1408491	1409366	1082
1370	684	Op	2	-	1409400	1410182	907
1371	684	Op	3	-	1410203	1411606	1706
1372	684	Op	4	-	1411621	1412169	747
1373	684	Op	5	-	1412198	1413097	938
1374	685	Tu	1	-	1413309	1414616	1538
1375	686	Tu	1	-	1414724	1416802	2112
1376	687	Op	1	-	1416987	1417640	535
1377	687	Op	2	-	1417731	1418594	780
1378	687	Op	3	-	1418655	1419422	1107
1379	687	Op	4	-	1419424	1420275	954
1380	688	Tu	1	-	1420551	1421492	914
1381	689	Tu	1	+	1421669	1422559	746
1382	690	Tu	1	-	1422568	1423620	1216
1383	691	Op	1	-	1423764	1425062	1589
1384	691	Op	2	-	1425086	1426072	1449
1385	691	Op	3	-	1426094	1427080	1151
1386	691	Op	4	-	1427097	1428506	1695
1387	691	Op	5	-	1428512	1428601	115
1388	691	Op	6	-	1428677	1429594	903
1389	691	Op	7	-	1429613	1430434	681
1390	692	Tu	1	+	1430717	1431751	977
1391	693	Tu	1	-	1431811	1432533	609
1392	694	Tu	1	-	1432638	1433336	559
1393	695	Tu	1	+	1433587	1434381	903
1394	696	Op	1	+	1434510	1434938	547
1395	696	Op	2	+	1434949	1435911	1177
1396	696	Op	3	+	1435924	1436526	652
1397	697	Tu	1	-	1436606	1437547	1090
1398	698	Op	1	-	1437664	1438947	1300
1399	698	Op	2	-	1438948	1439628	678
1400	699	Op	1	-	1439821	1440552	538
1401	699	Op	2	-	1440554	1441408	877
1402	699	Op	3	-	1441405	1441773	472
1403	700	Tu	1	-	1441922	1442365	483
1404	701	Op	1	-	1442486	1443040	536
1405	701	Op	2	-	1443059	1444492	1625
1406	701	Op	3	-	1444589	1444807	280
1407	701	Op	4	-	1444813	1445328	633
1408	701	Op	5	-	1445342	1445986	677
1409	701	Op	6	-	1445988	1446887	980
1410	702	Tu	1	-	1446991	1447833	945
1411	703	Tu	1	+	1447965	1448618	774
1412	704	Tu	1	+	1448812	1449009	242
1413	705	Op	1	-	1449115	1449627	824
1414	705	Op	2	-	1449630	1451942	2226
1415	706	Op	1	-	1452097	1452564	650
1416	706	Op	2	-	1452581	1453369	955
1417	706	Op	3	-	1453370	1454311	960
1418	707	Tu	1	-	1454526	1455092	652
1419	708	Op	1	-	1455213	1455458	422
1420	708	Op	2	-	1455470	1455745	356
1421	709	Tu	1	-	1455892	1456695	639
1422	710	Tu	1	+	1456837	1457391	761
1423	711	Tu	1	+	1457512	1458264	779
1424	712	Op	1	-	1458339	1459757	1882
1425	712	Op	2	-	1459762	1460100	446
1426	712	Op	3	-	1460184	1460648	535
1427	713	Op	1	+	1460811	1461521	796
1428	713	Op	2	+	1461518	1463293	1549
1429	714	Tu	1	-	1463335	1464225	1147
1430	715	Tu	1	-	1464336	1465514	1434
1431	716	Op	1	-	1465676	1468366	2773
1432	716	Op	2	-	1468378	1469667	1508
1433	717	Tu	1	+	1469824	1470870	951
1434	718	Op	1	-	1471059	1471988	896
1435	718	Op	2	-	1472007	1472705	414
1436	719	Op	1	-	1472903	1473535	839
1437	719	Op	2	-	1473537	1474250	845
1438	719	Op	3	-	1474240	1475178	1101
1439	719	Op	4	-	1475175	1475966	852
1440	720	Op	1	-	1476074	1479256	3512
1441	720	Op	2	-	1479256	1480335	1002
1442	720	Op	3	-	1480338	1481621	1493
1443	720	Op	4	-	1481630	1482556	1040
1444	720	Op	5	-	1482570	1483850	1504
1445	720	Op	6	-	1483867	1484403	816
1446	721	Op	1	-	1484745	1485650	1132
1447	721	Op	2	-	1485637	1486113	467
1448	721	Op	3	-	1486119	1486823	802
1449	722	Tu	1	-	1486928	1488598	1874
1450	723	Tu	1	+	1488777	1488983	261
1451	724	Tu	1	-	1489088	1489549	319
1452	725	Tu	1	+	1489650	1490057	491
1453	726	Op	1	-	1490187	1490681	611
1454	726	Op	2	-	1490699	1491460	550
1455	727	Op	1	-	1491616	1493400	1926
1456	727	Op	2	-	1493400	1495151	1774
1457	728	Tu	1	-	1495349	1495567	338
1458	729	Op	1	-	1495761	1496654	1177
1459	729	Op	2	-	1496665	1497132	380
1460	729	Op	3	-	1497132	1497794	544
1461	730	Tu	1	-	1497975	1499237	1640
1462	731	Tu	1	+	1499449	1501818	2362
1463	732	Op	1	-	1502004	1503104	619
1464	732	Op	2	-	1503097	1503789	524
1465	733	Tu	1	+	1503950	1504234	194
1466	734	Tu	1	-	1504338	1505339	1287
1467	735	Tu	1	+	1505554	1506657	1331
1468	736	Op	1	-	1506778	1507365	1065
1469	736	Op	2	-	1507381	1507812	602
1470	737	Op	1	-	1507990	1508886	1327
1471	737	Op	2	-	1508898	1509920	1356
1472	737	Op	3	-	1509989	1510825	720
1473	737	Op	4	-	1510840	1511775	918
1474	738	Tu	1	+	1511985	1512947	801
1475	739	Op	1	-	1512983	1513339	280
1476	739	Op	2	-	1513339	1513662	452
1477	739	Op	3	-	1513737	1515338	2128
1478	740	Op	1	-	1515548	1516225	798
1479	740	Op	2	-	1516240	1516998	850
1480	740	Op	3	-	1517009	1517818	818
1481	740	Op	4	-	1517835	1518719	951
1482	740	Op	5	-	1518719	1519639	998
1483	741	Tu	1	-	1519762	1520616	1114
1484	742	Op	1	-	1520791	1521675	945
1485	742	Op	2	-	1521668	1522354	840
1486	743	Tu	1	-	1522460	1523443	1000
1487	744	Tu	1	-	1523638	1526175	3021
1488	745	Tu	1	-	1526431	1526982	578
1489	746	Op	1	-	1527121	1527756	293
1490	746	Op	2	-	1527797	1529113	501
1491	747	Tu	1	+	1529385	1530101	374
1492	748	Tu	1	-	1530426	1530761	454
1493	749	Tu	1	-	1530882	1531169	279
1494	750	Op	1	+	1531311	1531973	725
1495	750	Op	2	+	1531963	1532196	398
1496	750	Op	3	+	1532280	1533044	994
1497	751	Tu	1	+	1533190	1533711	454
1498	752	Op	1	-	1533751	1534485	490
1499	752	Op	2	-	1534506	1534835	340
1500	753	Op	1	-	1534963	1536210	1355
1501	753	Op	2	-	1536229	1537770	1583
1502	753	Op	3	-	1537767	1538126	255
1503	754	Op	1	-	1538336	1539367	947
1504	754	Op	2	-	1539369	1540808	1259
1505	754	Op	3	-	1540784	1543003	2106
1506	754	Op	4	-	1543000	1543674	524
1507	754	Op	5	-	1543675	1543926	329
1508	754	Op	6	-	1543940	1544653	622
1509	755	Op	1	-	1544806	1545930	781
1510	755	Op	2	-	1545923	1546411	525
1511	756	Tu	1	-	1546584	1547450	1070
1512	757	Tu	1	+	1547600	1548475	786
1513	758	Op	1	-	1548573	1550213	1780
1514	758	Op	2	-	1550276	1550596	431
1515	759	Tu	1	-	1550731	1551750	1104
1516	760	Tu	1	-	1551941	1552393	663
1517	761	Tu	1	+	1552614	1553183	677
1518	762	Tu	1	-	1553230	1553874	528
1519	763	Tu	1	-	1553995	1555149	1011
1520	764	Tu	1	-	1555389	1559363	3948
1521	765	Op	1	-	1559513	1559920	507
1522	765	Op	2	-	1559940	1560749	969
1523	765	Op	3	-	1560736	1561635	1182
1524	765	Op	4	-	1561649	1562128	514
1525	765	Op	5	-	1562125	1563909	1637
1526	765	Op	6	-	1563972	1564913	905
1527	765	Op	7	-	1564929	1565924	1160
1528	765	Op	8	-	1565947	1567119	1335
1529	765	Op	9	-	1567131	1567862	640
1530	766	Op	1	-	1568248	1569150	600
1531	766	Op	2	-	1569140	1569985	823
1532	767	Op	1	-	1570486	1572546	1634
1533	767	Op	2	-	1572588	1573976	835
1534	768	Tu	1	-	1574358	1575212	673
1535	769	Tu	1	+	1575604	1576434	598
1536	770	Op	1	-	1576582	1577436	810
1537	770	Op	2	-	1577485	1579017	1493
1538	771	Op	1	-	1579252	1580595	919
1539	771	Op	2	-	1580592	1581320	343
1540	771	Op	3	-	1581409	1582140	477
1541	772	Op	1	-	1582559	1584535	1914
1542	772	Op	2	-	1584617	1590217	5432
1543	773	Op	1	-	1590747	1591133	192
1544	773	Op	2	-	1591190	1592206	1274
1545	774	Op	1	-	1592415	1593422	576
1546	774	Op	2	-	1593494	1594045	781
1547	774	Op	3	-	1594038	1594355	327
1548	774	Op	4	-	1594373	1597045	1827
1549	775	Tu	1	+	1597273	1598730	527
1550	776	Tu	1	+	1598839	1600761	1096
1551	777	Tu	1	-	1600946	1601782	766
1552	778	Op	1	-	1601888	1602601	412
1553	778	Op	2	-	1602603	1603388	486
1554	778	Op	3	-	1603388	1604374	589
1555	778	Op	4	-	1604393	1605049	530
1556	779	Op	1	+	1605209	1606483	1065
1557	779	Op	2	+	1606521	1607264	699
1558	779	Op	3	+	1607261	1608535	989
1559	779	Op	4	+	1608550	1609260	810
1560	780	Op	1	-	1609464	1610306	912
1561	780	Op	2	-	1610308	1611159	757
1562	780	Op	3	-	1611193	1611690	514
1563	780	Op	4	-	1611705	1612136	428
1564	781	Tu	1	+	1612718	1613005	245
1565	782	Op	1	-	1613251	1613766	556
1566	782	Op	2	-	1613792	1614220	601
1567	783	Op	1	+	1614443	1614937	433
1568	783	Op	2	+	1614939	1615241	452
1569	783	Op	3	+	1615336	1616739	1342
1570	784	Tu	1	-	1616780	1617532	728
1571	785	Op	1	-	1617868	1618860	804
1572	785	Op	2	-	1618951	1619529	424
1573	786	Tu	1	+	1619753	1620658	503
1574	787	Tu	1	-	1620780	1621127	559
1575	788	Op	1	-	1621271	1622011	830
1576	788	Op	2	-	1622001	1622525	650
1577	789	Tu	1	-	1622633	1623994	1486
1578	790	Tu	1	+	1624191	1624565	406
1579	791	Tu	1	+	1624796	1625395	722
1580	792	Tu	1	+	1625496	1627298	1284
1581	793	Op	1	-	1627344	1628030	832
1582	793	Op	2	-	1628023	1628508	627
1583	794	Tu	1	-	1628706	1630043	1431
1584	795	Tu	1	-	1630197	1631141	1074
1585	796	Tu	1	-	1631268	1632227	1139
1586	797	Tu	1	+	1632330	1632941	606
1587	798	Op	1	-	1632982	1633863	1047
1588	798	Op	2	-	1633866	1634168	325
1589	799	Tu	1	+	1634346	1634498	215
1590	800	Op	1	-	1634515	1635096	759
1591	800	Op	2	-	1635194	1636447	1399
1592	801	Tu	1	+	1636639	1637667	1198
1593	802	Op	1	-	1637746	1638234	314
1594	802	Op	2	-	1638246	1639619	1435
1595	802	Op	3	-	1639636	1640556	988
1596	803	Tu	1	+	1640739	1642649	1510
1597	804	Tu	1	+	1642768	1644276	1041
1598	805	Op	1	-	1644579	1645424	755
1599	805	Op	2	-	1645417	1645956	443
1600	806	Op	1	-	1646228	1646947	1157
1601	806	Op	2	-	1646955	1648784	2158
1602	806	Op	3	-	1648805	1650310	1660
1603	807	Op	1	-	1650587	1652053	1150
1604	807	Op	2	-	1652043	1653377	1135
1605	808	Op	1	+	1653557	1653913	456
1606	808	Op	2	+	1653947	1654108	180
1607	809	Op	1	-	1654350	1654790	636
1608	809	Op	2	-	1654860	1655396	544
1609	809	Op	3	-	1655466	1658171	3296
1610	810	Tu	1	-	1658489	1659139	564
1611	811	Op	1	+	1659228	1659893	591
1612	811	Op	2	+	1659965	1660360	485
1613	812	Tu	1	+	1660470	1661651	1092
1614	813	Tu	1	-	1661687	1663522	1448
1615	814	Tu	1	+	1663731	1663880	226
1616	815	Tu	1	+	1664031	1664381	385
1617	816	Op	1	-	1664392	1664742	419
1618	816	Op	2	-	1664816	1665820	1162
1619	816	Op	3	-	1665814	1666890	930
1620	816	Op	4	-	1666901	1667731	925
1621	816	Op	5	-	1667715	1668506	896
1622	816	Op	6	-	1668522	1668992	613
1623	816	Op	7	-	1669004	1669423	470
1624	816	Op	8	-	1669495	1672266	2047
1625	817	Op	1	-	1672912	1674921	879
1626	817	Op	2	-	1674933	1675154	170
1627	817	Op	3	-	1675151	1675987	394
1628	818	Tu	1	-	1676442	1677740	1607
1629	819	Op	1	-	1677872	1678627	884
1630	819	Op	2	-	1678676	1679869	1482
1631	820	Op	1	-	1679996	1680997	1310
1632	820	Op	2	-	1681037	1682074	933
1633	821	Tu	1	-	1682494	1683372	860
1634	822	Op	1	-	1683515	1684084	844
1635	822	Op	2	-	1684081	1684587	652
1636	822	Op	3	-	1684571	1685386	659
1637	823	Op	1	-	1685561	1687330	2212
1638	823	Op	2	-	1687348	1688649	1594
1639	824	Op	1	-	1689007	1689453	518
1640	824	Op	2	-	1689477	1691690	2521
1641	825	Op	1	-	1691905	1692657	696
1642	825	Op	2	-	1692659	1693606	1229
1643	825	Op	3	-	1693622	1694107	705
1644	825	Op	4	-	1694064	1694741	816
1645	826	Op	1	+	1694870	1696147	1444
1646	826	Op	2	+	1696231	1696434	93
1647	826	Op	3	+	1696475	1696753	276
1648	827	Tu	1	+	1697069	1697542	642
1649	828	Op	1	-	1697654	1698841	1476
1650	828	Op	2	-	1698866	1699837	1071
1651	829	Op	1	-	1700002	1700355	290
1652	829	Op	2	-	1700355	1700789	331
1653	829	Op	3	-	1700779	1701105	184
1654	829	Op	4	-	1701071	1701517	289
1655	829	Op	5	-	1701514	1701789	425
1656	829	Op	6	-	1701789	1702835	737
1657	829	Op	7	-	1702792	1703760	774
1658	830	Tu	1	-	1704001	1705329	1461
1659	831	Tu	1	-	1705620	1706693	1091
1660	832	Op	1	-	1706818	1708647	1579
1661	832	Op	2	-	1708637	1709386	973
1662	833	Tu	1	-	1709504	1710205	753
1663	834	Tu	1	-	1710336	1712759	2517
1664	835	Op	1	-	1713074	1714285	1488
1665	835	Op	2	-	1714314	1715219	735
1666	836	Tu	1	+	1715341	1716321	1055
1667	837	Op	1	-	1716401	1718164	1659
1668	837	Op	2	-	1718164	1719897	1563
1669	837	Op	3	-	1719902	1720915	1025
1670	837	Op	4	-	1720912	1722330	1435
1671	838	Tu	1	-	1722490	1722588	74
1672	839	Op	1	-	1723326	1724189	870
1673	839	Op	2	-	1724274	1726355	1816
1674	840	Op	1	-	1726486	1726851	312
1675	840	Op	2	-	1726949	1727518	741
1676	841	Op	1	+	1727651	1728166	497
1677	841	Op	2	+	1728183	1729415	1183
1678	842	Tu	1	-	1729602	1730726	1333
1679	843	Op	1	-	1730952	1731296	380
1680	843	Op	2	-	1731364	1732509	1140
1681	844	Tu	1	-	1732666	1733640	1217
1682	845	Op	1	+	1733853	1734602	966
1683	845	Op	2	+	1734599	1735468	975
1684	845	Op	3	+	1735455	1736381	1351
1685	846	Tu	1	-	1736436	1737974	1698
1686	847	Tu	1	-	1738122	1738229	134
1687	848	Op	1	-	1738344	1739537	1651
1688	848	Op	2	-	1739552	1740385	1066
1689	848	Op	3	-	1740405	1741085	827
1690	848	Op	4	-	1741104	1742174	1120
1691	849	Tu	1	+	1743222	1743428	78
1692	850	Tu	1	+	1743670	1745160	869
1693	851	Tu	1	+	1745373	1745552	143
1694	852	Tu	1	-	1745640	1746605	1026
1695	853	Op	1	-	1746781	1747071	413
1696	853	Op	2	-	1747119	1748357	1383
1697	854	Tu	1	-	1748668	1750476	2135
1698	855	Op	1	-	1750919	1751752	876
1699	855	Op	2	-	1751749	1753455	1709
1700	856	Tu	1	-	1753556	1754107	443
1701	857	Op	1	-	1754337	1755692	1724
1702	857	Op	2	-	1755685	1756848	1275
1703	857	Op	3	-	1756845	1757729	831
1704	858	Tu	1	-	1757926	1761615	3828
1705	859	Op	1	-	1761915	1763255	1462
1706	859	Op	2	-	1763298	1763681	374
1707	860	Op	1	-	1763884	1765125	1226
1708	860	Op	2	-	1765129	1766058	809
1709	860	Op	3	-	1766059	1766805	694
1710	861	Op	1	-	1766914	1768725	1036
1711	861	Op	2	-	1768722	1769687	862
1712	862	Op	1	-	1769789	1771210	930
1713	862	Op	2	-	1771221	1772192	737
1714	862	Op	3	-	1772232	1773056	654
1715	862	Op	4	-	1773111	1774538	715
1716	862	Op	5	-	1774582	1775556	766
1717	862	Op	6	-	1775558	1776616	993
1718	862	Op	7	-	1776629	1777333	841
1719	863	Tu	1	-	1777798	1780479	2021
1720	864	Op	1	-	1780722	1781570	621
1721	864	Op	2	-	1781586	1782344	585
1722	865	Tu	1	-	1782479	1783876	1102
1723	866	Op	1	-	1783982	1785283	974
1724	866	Op	2	-	1785312	1787282	1764
1725	866	Op	3	-	1787316	1789457	2087
1726	866	Op	4	-	1789469	1792612	2985
1727	866	Op	5	-	1792602	1793819	1294
1728	866	Op	6	-	1793832	1794626	747
1729	867	Tu	1	+	1794874	1795215	328
1730	868	Op	1	-	1795262	1796299	638
1731	868	Op	2	-	1796292	1796657	426
1732	868	Op	3	-	1796657	1797382	790
1733	868	Op	4	-	1797441	1798283	1034
1734	868	Op	5	-	1798376	1799404	1129
1735	868	Op	6	-	1799429	1800001	765
1736	868	Op	7	-	1800014	1800880	1036
1737	869	Op	1	-	1801002	1801715	709
1738	869	Op	2	-	1801719	1802546	725
1739	869	Op	3	-	1802546	1803328	650
1740	870	Tu	1	-	1803456	1804592	948
1741	871	Op	1	-	1804703	1805611	808
1742	871	Op	2	-	1805627	1806391	791
1743	872	Tu	1	+	1806566	1807009	649
1744	873	Tu	1	-	1807083	1807556	439
1745	874	Tu	1	-	1807714	1808286	673
1746	875	Tu	1	+	1808537	1809775	1523
1747	876	Tu	1	+	1810033	1810413	466
1748	877	Tu	1	-	1810620	1811153	584
1749	878	Op	1	+	1811231	1812082	730
1750	878	Op	2	+	1812139	1812984	661
1751	879	Op	1	-	1813011	1813349	507
1752	879	Op	2	-	1813433	1814137	767
1753	880	Tu	1	+	1814336	1814689	396
1754	881	Tu	1	-	1814727	1815731	1246
1755	882	Tu	1	-	1815859	1817325	1816
1756	883	Op	1	+	1817537	1817917	521
1757	883	Op	2	+	1817939	1818421	593
1758	884	Tu	1	-	1818465	1819577	595
1759	885	Tu	1	+	1819750	1821891	1881
1760	886	Op	1	-	1821932	1823413	1651
1761	886	Op	2	-	1823425	1825137	1486
1762	886	Op	3	-	1825109	1825744	519
1763	886	Op	4	-	1825815	1827281	1890
1764	886	Op	5	-	1827305	1828228	913
1765	886	Op	6	-	1828240	1829178	931
1766	887	Tu	1	-	1829736	1833449	3757
1767	888	Tu	1	-	1833923	1834690	801
1768	889	Op	1	+	1834805	1836532	1666
1769	889	Op	2	+	1836630	1838363	1544
1770	890	Tu	1	-	1838417	1839421	1393
1771	891	Op	1	-	1839583	1843362	3532
1772	891	Op	2	-	1843373	1844341	875
1773	892	Op	1	-	1844442	1845113	501
1774	892	Op	2	-	1845126	1846004	933
1775	892	Op	3	-	1846016	1846918	575
1776	893	Op	1	-	1847069	1848346	1610
1777	893	Op	2	-	1848396	1849538	1159
1778	893	Op	3	-	1849554	1851353	1634
1779	893	Op	4	-	1851334	1851720	259
1780	894	Tu	1	+	1851896	1852957	1154
1781	895	Tu	1	-	1852998	1853831	782
1782	896	Op	1	-	1854139	1854444	350
1783	896	Op	2	-	1854472	1856067	1170
1784	896	Op	3	-	1856091	1856981	1008
1785	896	Op	4	-	1857003	1858022	878
1786	896	Op	5	-	1858046	1859053	864
1787	897	Op	1	-	1859227	1860684	1280
1788	897	Op	2	-	1860724	1861563	791
1789	897	Op	3	-	1861602	1863518	1438
1790	897	Op	4	-	1863529	1864563	812
1791	898	Tu	1	-	1864722	1865738	738
1792	899	Tu	1	-	1865924	1867759	1985
1793	900	Op	1	+	1868006	1869226	1151
1794	900	Op	2	+	1869250	1869738	491
1795	901	Op	1	-	1870249	1871640	429
1796	901	Op	2	-	1871652	1872932	741
1797	901	Op	3	-	1872938	1873867	609
1798	901	Op	4	-	1873899	1875401	785
1799	901	Op	5	-	1875413	1876726	835
1800	902	Tu	1	-	1876961	1878244	203
1801	903	Tu	1	-	1879331	1881937	3194
1802	904	Tu	1	-	1882206	1882577	414
1803	905	Op	1	-	1882761	1884056	1681
1804	905	Op	2	-	1884099	1885214	1251
1805	906	Op	1	-	1885542	1886861	1729
1806	906	Op	2	-	1886864	1887445	784
1807	907	Op	1	-	1887844	1888530	968
1808	907	Op	2	-	1888550	1889191	749
1809	907	Op	3	-	1889291	1889509	241
1810	907	Op	4	-	1889530	1890048	668
1811	908	Tu	1	+	1890221	1891180	1020
1812	909	Op	1	-	1891227	1892561	1398
1813	909	Op	2	-	1892596	1893795	1183
1814	909	Op	3	-	1893834	1894340	569
1815	909	Op	4	-	1894428	1897199	2333
1816	910	Op	1	-	1897398	1897889	380
1817	910	Op	2	-	1897895	1898773	705
1818	911	Tu	1	-	1898991	1900448	1509
1819	912	Tu	1	-	1900660	1905015	4383
1820	913	Op	1	-	1905266	1906984	2187
1821	913	Op	2	-	1907056	1908324	1485
1822	914	Tu	1	-	1908609	1908704	76
1823	915	Op	1	+	1908741	1909520	782
1824	915	Op	2	+	1909605	1910207	643
1825	916	Tu	1	+	1910708	1913920	1202
1826	917	Tu	1	+	1914149	1914472	183
1827	918	Tu	1	-	1914732	1915934	433
1828	919	Tu	1	-	1916054	1917892	928
1829	920	Tu	1	+	1918116	1918403	116
1830	921	Tu	1	+	1918667	1919578	510
1831	922	Op	1	-	1920000	1920107	75
1832	922	Op	2	-	1920124	1920228	159
1833	923	Op	1	-	1920519	1921847	480
1834	923	Op	2	-	1921861	1922691	548
1835	923	Op	3	-	1922695	1923024	289
1836	923	Op	4	-	1923047	1924648	662
1837	924	Op	1	-	1924953	1926347	1686
1838	924	Op	2	-	1926366	1926833	584
1839	924	Op	3	-	1926820	1928055	1295
1840	924	Op	4	-	1928052	1929338	1535
1841	924	Op	5	-	1929353	1930123	1114
1842	925	Op	1	-	1930493	1931050	893
1843	925	Op	2	-	1931054	1931776	930
1844	926	Tu	1	-	1932037	1932918	1262
1845	927	Tu	1	-	1933024	1933809	963
1846	928	Op	1	-	1933993	1934430	435
1847	928	Op	2	-	1934450	1935226	906
1848	929	Tu	1	+	1935333	1935608	388
1849	930	Tu	1	+	1935775	1936707	1004
1850	931	Op	1	-	1936741	1936932	251
1851	931	Op	2	-	1936972	1939056	2632
1852	931	Op	3	-	1939058	1939966	1075
1853	932	Op	1	-	1940607	1941401	636
1854	932	Op	2	-	1941484	1942386	1166
1855	932	Op	3	-	1942400	1942801	370
1856	932	Op	4	-	1942785	1943264	624
1857	932	Op	5	-	1943264	1945462	2067
1858	932	Op	6	-	1945491	1946465	1324
1859	933	Op	1	-	1946648	1947091	476
1860	933	Op	2	-	1947123	1947299	285
1861	934	Tu	1	-	1947465	1947899	433
1862	935	Tu	1	+	1948004	1948861	914
1863	936	Op	1	-	1948904	1949767	898
1864	936	Op	2	-	1949764	1950819	1444
1865	936	Op	3	-	1950822	1952114	1276
1866	936	Op	4	-	1952166	1952453	335
1867	937	Tu	1	-	1952591	1953373	868
1868	938	Tu	1	-	1953480	1955204	2177
1869	939	Tu	1	-	1955325	1956776	1291
1870	940	Op	1	-	1956911	1957939	1034
1871	940	Op	2	-	1957936	1958268	469
1872	941	Tu	1	-	1958431	1959408	1219
1873	942	Op	1	-	1959550	1960881	1425
1874	942	Op	2	-	1960885	1962270	1681
1875	943	Op	1	+	1962490	1963116	734
1876	943	Op	2	+	1963157	1963867	783
1877	944	Op	1	-	1963918	1964766	886
1878	944	Op	2	-	1964854	1966308	1882
1879	944	Op	3	-	1966331	1967221	1136
1880	944	Op	4	-	1967196	1968305	1010
1881	945	Tu	1	-	1968603	1969097	621
1882	946	Tu	1	+	1969279	1970109	816
1883	947	Op	1	-	1970148	1970933	776
1884	947	Op	2	-	1970952	1971575	806
1885	947	Op	3	-	1971588	1972601	952
1886	948	Tu	1	+	1972833	1973084	357
1887	949	Tu	1	-	1973171	1973707	403
1888	950	Tu	1	+	1973897	1974838	1219
1889	951	Op	1	-	1974890	1975918	1155
1890	951	Op	2	-	1975976	1977952	894
1891	952	Tu	1	-	1978275	1978778	397
1892	953	Op	1	-	1978901	1979545	675
1893	953	Op	2	-	1979641	1980693	1128
1894	953	Op	3	-	1980698	1981189	407
1895	953	Op	4	-	1981191	1981745	686
1896	953	Op	5	-	1981844	1982194	398
1897	953	Op	6	-	1982184	1982618	505
1898	953	Op	7	-	1982615	1983739	904
1899	953	Op	8	-	1983756	1987184	3918
1900	953	Op	9	-	1987217	1988425	1341
1901	953	Op	10	-	1988429	1988734	441
1902	954	Tu	1	-	1988961	1990730	1901
1903	955	Tu	1	-	1991048	1992883	2129
1904	956	Op	1	-	1993104	1993886	990
1905	956	Op	2	-	1993887	1994165	430
1906	956	Op	3	-	1994215	1995480	1137
1907	957	Op	1	-	1995677	1996927	956
1908	957	Op	2	-	1996924	1997067	206
1909	957	Op	3	-	1997096	1999558	2735
1910	958	Op	1	-	1999741	2001789	2169
1911	958	Op	2	-	2001773	2002051	214
1912	959	Tu	1	+	2002263	2002556	279
1913	960	Tu	1	-	2002638	2003138	635
1914	961	Tu	1	-	2003294	2004985	2086
1915	962	Op	1	-	2005304	2006350	1145
1916	962	Op	2	-	2006347	2006811	583
1917	962	Op	3	-	2006819	2007286	533
1918	962	Op	4	-	2007345	2008100	713
1919	962	Op	5	-	2008180	2010222	2266
1920	963	Tu	1	+	2010430	2011662	1190
1921	964	Op	1	+	2011766	2012911	832
1922	964	Op	2	+	2012908	2013717	759
1923	965	Tu	1	+	2013940	2014683	859
1924	966	Tu	1	-	2015044	2015775	504
1925	967	Op	1	-	2015923	2016150	396
1926	967	Op	2	-	2016238	2016888	694
1927	968	Op	1	-	2017551	2018363	678
1928	968	Op	2	-	2018363	2019706	1086
1929	968	Op	3	-	2019732	2020871	1254
1930	968	Op	4	-	2020930	2021328	409
1931	968	Op	5	-	2021346	2023799	2368
1932	968	Op	6	-	2023826	2024677	780
1933	968	Op	7	-	2024701	2027211	2391
1934	968	Op	8	-	2027281	2028747	890
1935	968	Op	9	-	2028766	2029935	650
1936	969	Op	1	-	2030408	2031208	892
1937	969	Op	2	-	2031205	2032020	810
1938	970	Op	1	-	2032368	2033186	1066
1939	970	Op	2	-	2033201	2033887	854
1940	970	Op	3	-	2033880	2034917	1181
1941	971	Tu	1	-	2035078	2035158	78
1942	972	Op	1	-	2035332	2035655	532
1943	972	Op	2	-	2035652	2036011	448
1944	972	Op	3	-	2036036	2037223	1002
1945	973	Op	1	-	2037467	2038903	1067
1946	973	Op	2	-	2038904	2039605	480
1947	974	Tu	1	-	2039804	2044300	4417
1948	975	Tu	1	-	2044500	2045831	884
1949	976	Tu	1	-	2045944	2046495	463
1950	977	Op	1	+	2046611	2046712	137
1951	977	Op	2	+	2046709	2047416	785
1952	977	Op	3	+	2047403	2047729	258
1953	978	Tu	1	+	2048010	2048246	197
1954	979	Tu	1	-	2048320	2048592	305
1955	980	Tu	1	-	2048698	2049327	863
1956	981	Op	1	-	2049459	2050697	1436
1957	981	Op	2	-	2050773	2051795	1375
1958	981	Op	3	-	2051839	2052672	801
1959	981	Op	4	-	2052665	2053738	1348
1960	981	Op	5	-	2053750	2054334	582
1961	982	Tu	1	-	2054561	2056078	1955
1962	983	Tu	1	+	2056448	2057863	1222
1963	984	Op	1	-	2057900	2061433	3986
1964	984	Op	2	-	2061454	2062872	1446
1965	984	Op	3	-	2062865	2063704	899
1966	984	Op	4	-	2063760	2064218	581
1967	985	Op	1	-	2064460	2065290	664
1968	985	Op	2	-	2065254	2066009	447
1969	985	Op	3	-	2065997	2066254	143
1970	985	Op	4	-	2066275	2066862	708
1971	985	Op	5	-	2066878	2067900	928
1972	985	Op	6	-	2067916	2069064	1034
1973	985	Op	7	-	2069078	2069659	673
1974	985	Op	8	-	2069673	2072246	2408
1975	986	Op	1	-	2072367	2073374	714
1976	986	Op	2	-	2073371	2073730	263
1977	986	Op	3	-	2073824	2075143	1263
1978	986	Op	4	-	2075237	2075617	428
1979	986	Op	5	-	2075632	2076576	1132
1980	987	Op	1	-	2076817	2078010	1474
1981	987	Op	2	-	2078049	2079359	1570
1982	987	Op	3	-	2079365	2080558	1183
1983	987	Op	4	-	2080582	2081955	979
1984	987	Op	5	-	2081985	2084990	2922
1985	987	Op	6	-	2085021	2086355	1524
1986	988	Tu	1	+	2086759	2087397	621
1987	989	Op	1	+	2087603	2088955	1489
1988	989	Op	2	+	2088948	2089637	899
1989	990	Op	1	+	2089874	2090848	758
1990	990	Op	2	+	2090851	2091396	383
1991	991	Op	1	-	2091450	2092421	1139
1992	991	Op	2	-	2092463	2093506	805
1993	992	Tu	1	-	2093636	2094481	950
1994	993	Op	1	-	2094668	2096536	2054
1995	993	Op	2	-	2096533	2098260	1773
1996	993	Op	3	-	2098281	2098958	716
1997	994	Tu	1	-	2099106	2099675	640
1998	995	Op	1	-	2099857	2101302	1638
1999	995	Op	2	-	2101327	2103207	2082
2000	996	Tu	1	-	2103370	2104212	839
2001	997	Tu	1	+	2104514	2105140	842
2002	998	Op	1	-	2105202	2106371	1371
2003	998	Op	2	-	2106376	2106744	418
2004	999	Op	1	-	2106872	2107048	282
2005	999	Op	2	-	2107062	2108363	1663
2006	1000	Tu	1	-	2108466	2108702	148
2007	1001	Op	1	-	2108891	2109310	640
2008	1001	Op	2	-	2109327	2110733	1958
2009	1001	Op	3	-	2110807	2111715	1053
2010	1001	Op	4	-	2111731	2113287	2196
2011	1001	Op	5	-	2113316	2113858	636
2012	1001	Op	6	-	2113845	2114375	747
2013	1002	Op	1	-	2114513	2114734	431
2014	1002	Op	2	-	2114783	2115502	587
2015	1003	Op	1	-	2115805	2116269	552
2016	1003	Op	2	-	2116282	2118651	2549
2017	1003	Op	3	-	2118651	2119415	759
2018	1004	Tu	1	-	2119570	2119806	335
2019	1005	Op	1	-	2119974	2120249	367
2020	1005	Op	2	-	2120239	2120523	350
2021	1005	Op	3	-	2120615	2122420	2114
2022	1006	Op	1	-	2122613	2123440	1084
2023	1006	Op	2	-	2123443	2124927	1451
2024	1006	Op	3	-	2125005	2125415	263
2025	1007	Op	1	-	2125633	2127180	1259
2026	1007	Op	2	-	2127197	2127907	779
2027	1007	Op	3	-	2127931	2128650	703
2028	1008	Op	1	-	2128953	2130578	2327
2029	1008	Op	2	-	2130636	2130920	436
2030	1009	Op	1	+	2131153	2131329	221
2031	1009	Op	2	+	2131348	2132001	616
2032	1010	Tu	1	-	2132044	2132694	882
2033	1011	Op	1	+	2132908	2134854	1934
2034	1011	Op	2	+	2134869	2135501	598
2035	1012	Op	1	+	2135701	2136891	1412
2036	1012	Op	2	+	2136884	2138593	1973
2037	1013	Tu	1	-	2138877	2139587	725
2038	1014	Tu	1	-	2139731	2140633	987
2039	1015	Tu	1	-	2140756	2141769	859
2040	1016	Op	1	-	2141911	2143059	1293
2041	1016	Op	2	-	2143081	2144373	1343
2042	1017	Tu	1	-	2144483	2145166	362
2043	1018	Op	1	-	2145317	2146390	1223
2044	1018	Op	2	-	2146387	2147223	915
2045	1018	Op	3	-	2147223	2148029	719
2046	1018	Op	4	-	2148048	2149133	1321
2047	1018	Op	5	-	2149159	2149701	687
2048	1019	Op	1	+	2149965	2150957	1300
2049	1019	Op	2	+	2150973	2151746	933
2050	1019	Op	3	+	2151743	2152297	550
2051	1019	Op	4	+	2152301	2152936	656
2052	1020	Tu	1	-	2152992	2154197	1187
2053	1021	Tu	1	-	2154435	2154941	441
2054	1022	Tu	1	+	2155204	2156163	782
2055	1023	Op	1	-	2156230	2158839	3125
2056	1023	Op	2	-	2158866	2159510	736
2057	1024	Tu	1	-	2159727	2160233	629
2058	1025	Tu	1	-	2160547	2161392	596
2059	1026	Tu	1	+	2161522	2162151	861
2060	1027	Op	1	-	2162269	2163630	1797
2061	1027	Op	2	-	2163661	2164554	872
2062	1027	Op	3	-	2164562	2165359	641
2063	1027	Op	4	-	2165372	2166046	766
2064	1028	Op	1	+	2166243	2166821	676
2065	1028	Op	2	+	2166885	2167544	612
2066	1029	Op	1	-	2167636	2169447	2197
2067	1029	Op	2	-	2169495	2170673	368
2068	1029	Op	3	-	2170761	2171423	856
2069	1030	Tu	1	-	2171766	2172164	395
2070	1031	Tu	1	+	2172524	2173534	890
2071	1032	Tu	1	-	2173578	2174849	1216
2072	1033	Tu	1	-	2175013	2175393	385
2073	1034	Tu	1	+	2175721	2176434	445
2074	1035	Op	1	-	2176472	2177497	973
2075	1035	Op	2	-	2177572	2178348	949
2076	1035	Op	3	-	2178388	2179170	968
2077	1035	Op	4	-	2179172	2179507	172
2078	1035	Op	5	-	2179544	2181715	1987
2079	1036	Op	1	-	2181905	2182828	861
2080	1036	Op	2	-	2182878	2186075	3318
2081	1036	Op	3	-	2186095	2189232	3625
2082	1036	Op	4	-	2189237	2190373	1004
2083	1037	Tu	1	-	2190557	2191183	814
2084	1038	Op	1	+	2191372	2192106	706
2085	1038	Op	2	+	2192096	2192362	248
2086	1039	Op	1	-	2192429	2193124	1003
2087	1039	Op	2	-	2193140	2193436	412
2088	1039	Op	3	-	2193433	2194017	620
2089	1040	Op	1	+	2194420	2195100	790
2090	1040	Op	2	+	2195120	2196307	1551
2091	1041	Op	1	+	2196470	2197291	856
2092	1041	Op	2	+	2197308	2197832	590
2093	1042	Tu	1	-	2197877	2198308	452
2094	1043	Tu	1	-	2198500	2199624	1019
2095	1044	Op	1	-	2199805	2200989	1172
2096	1044	Op	2	-	2200979	2201779	838
2097	1045	Tu	1	+	2201911	2203281	1237
2098	1046	Tu	1	-	2203599	2203847	380
2099	1047	Op	1	-	2204028	2207105	3125
2100	1047	Op	2	-	2207083	2208582	1555
2101	1048	Tu	1	+	2208731	2209561	598
2102	1049	Tu	1	+	2209890	2210753	568
2103	1050	Op	1	-	2211004	2211372	641
2104	1050	Op	2	-	2211435	2211935	711
2105	1051	Tu	1	-	2212258	2212947	640
2106	1052	Tu	1	-	2213059	2213481	502
2107	1053	Tu	1	-	2213604	2215100	1469
2108	1054	Op	1	+	2215443	2216144	673
2109	1054	Op	2	+	2216167	2217039	1027
2110	1055	Op	1	-	2217104	2217949	908
2111	1055	Op	2	-	2217946	2219049	991
2112	1055	Op	3	-	2219063	2220691	1640
2113	1056	Tu	1	+	2220770	2221492	388
2114	1057	Tu	1	-	2221585	2222463	917
2115	1058	Tu	1	-	2222583	2223128	763
2116	1059	Op	1	-	2223253	2223423	301
2117	1059	Op	2	-	2223444	2223596	192
2118	1060	Tu	1	+	2223882	2224520	701
2119	1061	Op	1	-	2224595	2225497	1163
2120	1061	Op	2	-	2225569	2226483	872
2121	1062	Op	1	+	2226690	2227445	702
2122	1062	Op	2	+	2227479	2228012	488
2123	1063	Tu	1	+	2228133	2228723	105
2124	1064	Op	1	-	2228824	2230506	1802
2125	1064	Op	2	-	2230603	2231166	693
2126	1065	Tu	1	-	2231407	2232096	824
2127	1066	Op	1	-	2232710	2233714	1036
2128	1066	Op	2	-	2233747	2234487	867
2129	1067	Op	1	-	2234633	2235424	848
2130	1067	Op	2	-	2235445	2236527	1292
2131	1068	Tu	1	-	2236740	2237879	1273
2132	1069	Op	1	-	2238014	2238250	462
2133	1069	Op	2	-	2238277	2239482	1155
2134	1069	Op	3	-	2239479	2240999	1740
2135	1069	Op	4	-	2241014	2241163	156
2136	1070	Op	1	-	2241367	2243463	1844
2137	1070	Op	2	-	2243453	2244220	716
2138	1071	Op	1	+	2244626	2246809	1928
2139	1071	Op	2	+	2246842	2247438	502
2140	1072	Tu	1	-	2247483	2248601	1172
2141	1073	Op	1	-	2248727	2249485	669
2142	1073	Op	2	-	2249469	2250131	613
2143	1073	Op	3	-	2250146	2251018	907
2144	1074	Op	1	-	2251130	2251477	440
2145	1074	Op	2	-	2251470	2252309	883
2146	1075	Op	1	-	2252426	2253376	797
2147	1075	Op	2	-	2253378	2253707	468
2148	1075	Op	3	-	2253727	2254365	818
2149	1076	Tu	1	-	2254573	2255169	499
2150	1077	Op	1	-	2255345	2256007	876
2151	1077	Op	2	-	2256019	2256672	441
2152	1077	Op	3	-	2256663	2258021	756
2153	1077	Op	4	-	2258018	2258581	690
2154	1078	Tu	1	+	2258955	2259740	769
2155	1079	Tu	1	+	2259904	2261265	1148
2156	1080	Tu	1	-	2261316	2262506	1244
2157	1081	Tu	1	+	2262652	2263008	443
2158	1082	Op	1	-	2263101	2263931	942
2159	1082	Op	2	-	2263928	2264563	552
2160	1082	Op	3	-	2264560	2265378	711
2161	1082	Op	4	-	2265362	2265892	561
2162	1083	Op	1	-	2266227	2266541	529
2163	1083	Op	2	-	2266562	2268322	2141
2164	1083	Op	3	-	2268394	2269608	1153
2165	1083	Op	4	-	2269625	2270617	1093
2166	1084	Tu	1	+	2270885	2271052	345
2167	1085	Op	1	-	2271215	2273053	1510
2168	1085	Op	2	-	2273067	2273417	514
2169	1086	Op	1	-	2273539	2273937	571
2170	1086	Op	2	-	2273953	2274924	1391
2171	1086	Op	3	-	2274925	2275143	456
2172	1086	Op	4	-	2275161	2275871	631
2173	1086	Op	5	-	2275882	2276424	557
2174	1086	Op	6	-	2276512	2277282	756
2175	1087	Tu	1	+	2277448	2278023	694
2176	1088	Op	1	+	2278129	2279679	605
2177	1088	Op	2	+	2279700	2280764	669
2178	1089	Tu	1	+	2280892	2281515	584
2179	1090	Tu	1	-	2281593	2282657	498
2180	1091	Tu	1	-	2282913	2283164	442
2181	1092	Tu	1	-	2283542	2283688	168
2182	1093	Tu	1	-	2283814	2285949	2420
2183	1094	Tu	1	-	2286114	2288051	2504
2184	1095	Tu	1	-	2288448	2288627	294
2185	1096	Tu	1	-	2288793	2290238	1512
2186	1097	Tu	1	-	2290385	2291248	753
2187	1098	Tu	1	+	2291370	2291951	644
2188	1099	Tu	1	+	2292109	2293053	1212
2189	1100	Tu	1	-	2293334	2294158	589
2190	1101	Op	1	-	2294405	2295124	977
2191	1101	Op	2	-	2295211	2296389	801
2192	1101	Op	3	-	2296479	2297219	766
2193	1101	Op	4	-	2297221	2297370	152
2194	1102	Op	1	-	2297606	2298196	917
2195	1102	Op	2	-	2298174	2298833	557
2196	1102	Op	3	-	2298851	2299162	404
2197	1102	Op	4	-	2299186	2300295	1367
2198	1102	Op	5	-	2300292	2300819	598
2199	1103	Op	1	-	2301041	2301829	959
2200	1103	Op	2	-	2301831	2302697	729
2201	1103	Op	3	-	2302753	2304123	1413
2202	1103	Op	4	-	2304131	2304556	528
2203	1103	Op	5	-	2304560	2305048	627
2204	1103	Op	6	-	2305050	2306285	1578
2205	1103	Op	7	-	2306304	2307041	900
2206	1103	Op	8	-	2307045	2307974	1089
2207	1103	Op	9	-	2308007	2308963	1067
2208	1104	Op	1	-	2309100	2309327	513
2209	1104	Op	2	-	2309380	2310345	986
2210	1104	Op	3	-	2310361	2310801	500
2211	1105	Tu	1	-	2311191	2311421	311
2212	1106	Op	1	-	2311522	2312412	1177
2213	1106	Op	2	-	2312485	2313708	1337
2214	1106	Op	3	-	2313755	2314750	1088
2215	1107	Op	1	-	2315411	2315773	315
2216	1107	Op	2	-	2315847	2316215	504
2217	1108	Tu	1	+	2316399	2317565	838
2218	1109	Tu	1	-	2317599	2317805	229
2219	1110	Tu	1	-	2317970	2318560	878
2220	1111	Tu	1	+	2318765	2319775	920
2221	1112	Tu	1	+	2319924	2320886	833
2222	1113	Op	1	-	2320951	2322504	1677
2223	1113	Op	2	-	2322602	2323882	1670
2224	1113	Op	3	-	2323906	2325195	1300
2225	1113	Op	4	-	2325179	2325997	714
2226	1113	Op	5	-	2326002	2326877	900
2227	1113	Op	6	-	2326877	2327947	1059
2228	1114	Tu	1	-	2328157	2329095	976
2229	1115	Op	1	-	2329298	2329609	541
2230	1115	Op	2	-	2329682	2330347	865
2231	1116	Op	1	-	2330451	2331083	820
2232	1116	Op	2	-	2331058	2332161	858
2233	1116	Op	3	-	2332158	2332889	752
2234	1117	Tu	1	-	2333040	2333519	731
2235	1118	Tu	1	-	2333780	2335165	1248
2236	1119	Op	1	-	2335373	2336026	679
2237	1119	Op	2	-	2336125	2337273	1245
2238	1119	Op	3	-	2337290	2337781	473
2239	1120	Op	1	-	2338024	2339793	1735
2240	1120	Op	2	-	2339790	2341517	1800
2241	1121	Tu	1	+	2341746	2342132	398
2242	1122	Op	1	+	2342438	2342650	227
2243	1122	Op	2	+	2342652	2344337	1787
2244	1123	Tu	1	-	2344443	2344643	355
2245	1124	Op	1	-	2344797	2345495	523
2246	1124	Op	2	-	2345551	2346207	708
2247	1124	Op	3	-	2346194	2347516	1420
2248	1125	Op	1	+	2347765	2350329	2330
2249	1125	Op	2	+	2350322	2350921	370
2250	1126	Tu	1	-	2350968	2353610	2865
2251	1127	Op	1	-	2354002	2354490	732
2252	1127	Op	2	-	2354554	2355201	598
2253	1128	Tu	1	-	2355331	2356545	1445
2254	1129	Tu	1	-	2356705	2358018	1497
2255	1130	Op	1	-	2358199	2358936	977
2256	1130	Op	2	-	2358936	2359517	643
2257	1131	Tu	1	+	2359625	2360509	962
2258	1132	Op	1	-	2360529	2361416	1101
2259	1132	Op	2	-	2361437	2361832	481
2260	1132	Op	3	-	2361848	2362759	1077
2261	1132	Op	4	-	2362857	2363852	973
2262	1133	Tu	1	+	2364064	2365038	556
2263	1134	Op	1	-	2365101	2366468	1551
2264	1134	Op	2	-	2366483	2366782	445
2265	1134	Op	3	-	2366784	2368793	1569
2266	1135	Op	1	-	2368959	2369183	219
2267	1135	Op	2	-	2369230	2369628	281
2268	1135	Op	3	-	2369612	2370745	1305
2269	1135	Op	4	-	2370833	2371522	952
2270	1136	Tu	1	-	2371948	2372919	1078
2271	1137	Tu	1	-	2373031	2374446	1644
2272	1138	Tu	1	-	2374564	2376477	1910
2273	1139	Op	1	-	2376987	2377571	490
2274	1139	Op	2	-	2377583	2378434	970
2275	1139	Op	3	-	2378434	2379183	987
2276	1139	Op	4	-	2379207	2379701	619
2277	1139	Op	5	-	2379721	2380122	345
2278	1139	Op	6	-	2380194	2383007	2104
2279	1140	Op	1	-	2383129	2383656	540
2280	1140	Op	2	-	2383722	2385170	1627
2281	1140	Op	3	-	2385267	2385932	574
2282	1141	Op	1	-	2386313	2387521	1387
2283	1141	Op	2	-	2387518	2388192	783
2284	1141	Op	3	-	2388185	2389351	1491
2285	1142	Op	1	-	2389523	2389822	437
2286	1142	Op	2	-	2389815	2391464	2222
2287	1142	Op	3	-	2391465	2391779	426
2288	1143	Tu	1	+	2391948	2392208	344
2289	1144	Op	1	-	2392254	2393513	1380
2290	1144	Op	2	-	2393610	2394818	1228
2291	1145	Tu	1	+	2394990	2396615	1475
2292	1146	Op	1	-	2396733	2397518	941
2293	1146	Op	2	-	2397540	2398763	1283
2294	1147	Op	1	-	2398945	2400309	1563
2295	1147	Op	2	-	2400310	2401806	1270
2296	1148	Op	1	-	2402401	2402913	508
2297	1148	Op	2	-	2402932	2403384	533
2298	1149	Tu	1	+	2403577	2404269	471
2299	1150	Tu	1	-	2404434	2406053	1446
2300	1151	Tu	1	+	2406272	2407339	1113
2301	1152	Op	1	-	2407391	2408047	461
2302	1152	Op	2	-	2408062	2409264	772
2303	1153	Tu	1	+	2409576	2410793	658
2304	1154	Op	1	-	2410831	2411760	617
2305	1154	Op	2	-	2411844	2412944	548
2306	1155	Op	1	-	2413100	2413171	83
2307	1155	Op	2	-	2413168	2414760	1732
2308	1155	Op	3	-	2414783	2417770	3110
2309	1156	Op	1	-	2417944	2418849	978
2310	1156	Op	2	-	2418883	2420553	1309
2311	1157	Op	1	+	2420684	2421550	470
2312	1157	Op	2	+	2421528	2423087	1693
2313	1157	Op	3	+	2423074	2424498	1730
2314	1157	Op	4	+	2424542	2425723	716
2315	1157	Op	5	+	2425816	2427264	1042
2316	1158	Tu	1	-	2427270	2429822	2266
2317	1159	Tu	1	-	2429972	2431234	1327
2318	1160	Tu	1	-	2431363	2431746	323
2319	1161	Op	1	-	2431862	2432821	788
2320	1161	Op	2	-	2432845	2433585	785
2321	1162	Tu	1	-	2433697	2435478	1806
2322	1163	Op	1	-	2435630	2436556	807
2323	1163	Op	2	-	2436559	2437023	456
2324	1164	Tu	1	-	2437161	2437670	627
2325	1165	Tu	1	+	2438017	2439405	1704
2326	1166	Tu	1	-	2439476	2440120	458
2327	1167	Op	1	-	2440303	2443749	3279
2328	1167	Op	2	-	2443742	2443825	82
2329	1167	Op	3	-	2443818	2443907	124
2330	1168	Tu	1	-	2444330	2444809	502
2331	1169	Tu	1	+	2445210	2446508	1573
2332	1170	Tu	1	-	2446555	2447175	844
2333	1171	Tu	1	-	2447386	2447841	674
2334	1172	Op	1	-	2447989	2448303	456
2335	1172	Op	2	-	2448315	2449391	1207
2336	1173	Tu	1	+	2449698	2450039	423
2337	1174	Tu	1	+	2450358	2452013	1629
2338	1175	Op	1	-	2452080	2452898	854
2339	1175	Op	2	-	2452888	2453661	894
2340	1175	Op	3	-	2453686	2454837	1339
2341	1175	Op	4	-	2454883	2455359	603
2342	1175	Op	5	-	2455386	2455823	466
2343	1176	Op	1	-	2455970	2457064	661
2344	1176	Op	2	-	2457151	2457939	878
2345	1177	Tu	1	+	2458111	2458863	596
2346	1178	Op	1	-	2458932	2459483	617
2347	1178	Op	2	-	2459560	2460327	630
2348	1179	Tu	1	+	2460553	2460915	408
2349	1180	Tu	1	-	2461035	2461610	526
2350	1181	Tu	1	-	2461773	2462399	699
2351	1182	Tu	1	-	2462503	2463288	722
2352	1183	Tu	1	+	2463522	2464256	660
2353	1184	Op	1	-	2464304	2464534	378
2354	1184	Op	2	-	2464623	2465093	643
2355	1184	Op	3	-	2465134	2465703	531
2356	1185	Tu	1	-	2465881	2467326	1643
2357	1186	Op	1	-	2467631	2468140	448
2358	1186	Op	2	-	2468137	2468997	1028
2359	1187	Tu	1	-	2469179	2471293	2809
2360	1188	Tu	1	-	2471480	2471749	475
2361	1189	Tu	1	+	2472029	2472592	782
2362	1190	Op	1	-	2472639	2473352	717
2363	1190	Op	2	-	2473425	2474078	580
2364	1190	Op	3	-	2474150	2474953	766
2365	1191	Tu	1	+	2475277	2475888	895
2366	1192	Op	1	+	2476049	2476597	751
2367	1192	Op	2	+	2476659	2477195	657
2368	1193	Tu	1	-	2477250	2480768	2668
2369	1194	Tu	1	-	2480947	2482050	703
2370	1195	Tu	1	-	2482206	2482973	344
2371	1196	Op	1	-	2483147	2484763	982
2372	1196	Op	2	-	2484750	2485112	322
2373	1197	Op	1	-	2485478	2486089	813
2374	1197	Op	2	-	2486124	2486681	792
2375	1197	Op	3	-	2486767	2487987	1250
2376	1197	Op	4	-	2488009	2489652	1651
2377	1198	Op	1	-	2490229	2491182	1232
2378	1198	Op	2	-	2491221	2491976	886
2379	1198	Op	3	-	2491973	2492938	720
2380	1198	Op	4	-	2492935	2493882	841
2381	1199	Tu	1	+	2494067	2494519	606
2382	1200	Tu	1	-	2494704	2494805	116
2383	1201	Tu	1	-	2495138	2495239	116
2384	1202	Tu	1	-	2495429	2497699	2563
2385	1203	Tu	1	+	2497870	2498370	400
2386	1204	Tu	1	+	2498673	2499569	1094
2387	1205	Tu	1	-	2499620	2500018	475
2388	1206	Tu	1	-	2500138	2500623	689
2389	1207	Op	1	-	2500782	2502110	1839
2390	1207	Op	2	-	2502113	2502940	1100
2391	1207	Op	3	-	2502965	2506543	4258
2392	1207	Op	4	-	2506564	2507256	824
2393	1208	Op	1	-	2507586	2509364	2283
2394	1208	Op	2	-	2509393	2510316	1047
2395	1208	Op	3	-	2510344	2511306	1026
2396	1208	Op	4	-	2511306	2512250	1008
2397	1208	Op	5	-	2512250	2513257	1083
2398	1209	Tu	1	-	2513554	2513793	424
2399	1210	Tu	1	-	2513930	2514931	1362
2400	1211	Tu	1	-	2515034	2517070	1958
2401	1212	Op	1	-	2517322	2518998	2199
2402	1212	Op	2	-	2519081	2519443	575
2403	1213	Op	1	-	2519655	2520374	487
2404	1213	Op	2	-	2520376	2521701	310
2405	1214	Op	1	-	2521933	2523165	995
2406	1214	Op	2	-	2523167	2524057	583
2407	1215	Tu	1	+	2524342	2524530	331
2408	1216	Op	1	-	2524633	2525277	685
2409	1216	Op	2	-	2525274	2525927	958
2410	1216	Op	3	-	2525951	2526844	806
2411	1217	Op	1	-	2527093	2529249	2294
2412	1217	Op	2	-	2529246	2529995	807
2413	1217	Op	3	-	2529997	2531376	1345
2414	1217	Op	4	-	2531382	2532323	1282
2415	1217	Op	5	-	2532316	2532810	634
2416	1217	Op	6	-	2532837	2535269	2454
2417	1218	Op	1	-	2535424	2535726	495
2418	1218	Op	2	-	2535731	2536345	783
2419	1219	Tu	1	+	2536568	2538049	1440
2420	1220	Op	1	-	2538093	2538398	483
2421	1220	Op	2	-	2538454	2539338	1045
2422	1220	Op	3	-	2539355	2539573	406
2423	1221	Tu	1	-	2539749	2540219	589
2424	1222	Op	1	-	2540387	2541040	679
2425	1222	Op	2	-	2541045	2542118	1073
2426	1222	Op	3	-	2542142	2542594	716
2427	1222	Op	4	-	2542672	2543178	617
2428	1222	Op	5	-	2543200	2544072	1215
2429	1222	Op	6	-	2544093	2544929	847
2430	1222	Op	7	-	2544942	2546048	1046
2431	1222	Op	8	-	2546063	2547064	871
2432	1222	Op	9	-	2547077	2547976	945
2433	1223	Tu	1	+	2548387	2549274	742
2434	1224	Tu	1	-	2549408	2549860	47
2435	1225	Tu	1	-	2550401	2551117	416
2436	1226	Op	1	-	2551663	2552241	611
2437	1226	Op	2	-	2552340	2552552	185
2438	1227	Tu	1	-	2552677	2553543	908
2439	1228	Op	1	-	2553711	2555015	1364
2440	1228	Op	2	-	2555008	2556276	1217
2441	1229	Tu	1	+	2556485	2556934	712
2442	1230	Tu	1	-	2556980	2557690	673
2443	1231	Tu	1	-	2558086	2558799	698
2444	1232	Op	1	+	2559094	2561805	2241
2445	1232	Op	2	+	2561820	2562470	655
2446	1233	Tu	1	+	2562933	2563526	246
2447	1234	Tu	1	-	2563767	2563871	111
2448	1235	Tu	1	-	2564255	2564380	166
2449	1236	Tu	1	-	2564843	2565814	1161
2450	1237	Tu	1	-	2565989	2566426	473
2451	1238	Op	1	-	2566559	2567113	543
2452	1238	Op	2	-	2567138	2569270	1836
2453	1238	Op	3	-	2569302	2571878	2788
2454	1238	Op	4	-	2571879	2572250	579
2455	1238	Op	5	-	2572339	2573136	972
2456	1239	Tu	1	-	2573296	2574852	2054
2457	1240	Tu	1	-	2575249	2576295	1479
2458	1241	Tu	1	-	2576409	2577653	1369
2459	1242	Tu	1	+	2577845	2579044	1475
2460	1243	Op	1	-	2579124	2579744	832
2461	1243	Op	2	-	2579812	2580237	565
2462	1243	Op	3	-	2580326	2580709	342
2463	1244	Tu	1	+	2580873	2581664	856
2464	1245	Tu	1	-	2581717	2582853	1380
2465	1246	Op	1	-	2582983	2583867	774
2466	1246	Op	2	-	2583892	2584389	488
2467	1247	Op	1	-	2584679	2586151	936
2468	1247	Op	2	-	2586135	2586620	474
2469	1248	Tu	1	-	2586722	2587798	1044
2470	1249	Op	1	-	2587910	2588668	1138
2471	1249	Op	2	-	2588669	2589469	831
2472	1249	Op	3	-	2589474	2590208	984
2473	1249	Op	4	-	2590165	2590554	180
2474	1249	Op	5	-	2590574	2595424	4606
2475	1250	Tu	1	-	2595800	2596813	1005
2476	1251	Tu	1	+	2596979	2597524	532
2477	1252	Op	1	-	2597713	2598396	992
2478	1252	Op	2	-	2598393	2598812	483
2479	1253	Op	1	-	2598964	2599692	734
2480	1253	Op	2	-	2599673	2601442	1538
2481	1253	Op	3	-	2601534	2602352	1071
2482	1253	Op	4	-	2602365	2603036	770
2483	1253	Op	5	-	2603033	2603755	504
2484	1254	Tu	1	-	2604117	2604509	320
2485	1255	Tu	1	+	2604717	2604986	367
2486	1256	Op	1	+	2605097	2605246	198
2487	1256	Op	2	+	2605262	2606236	946
2488	1256	Op	3	+	2606271	2606393	198
2489	1256	Op	4	+	2606414	2607949	1570
2490	1257	Tu	1	-	2608007	2608981	996
2491	1258	Op	1	-	2609170	2609940	829
2492	1258	Op	2	-	2609933	2610868	1106
2493	1259	Op	1	+	2611126	2611545	555
2494	1259	Op	2	+	2611558	2612049	676
2495	1259	Op	3	+	2612066	2612881	1060
2496	1259	Op	4	+	2612878	2613705	819
2497	1260	Tu	1	+	2613853	2616372	2012
2498	1261	Tu	1	-	2616519	2617079	366
2499	1262	Op	1	-	2617342	2617434	75
2500	1262	Op	2	-	2617480	2618304	435
2501	1262	Op	3	-	2618301	2620433	1008
2502	1262	Op	4	-	2620436	2621617	372
2503	1263	Op	1	-	2622340	2622732	653
2504	1263	Op	2	-	2622746	2623189	497
2505	1264	Tu	1	-	2623411	2623878	579
2506	1265	Op	1	-	2624006	2624725	543
2507	1265	Op	2	-	2624809	2626329	1483
2508	1266	Tu	1	+	2626438	2627130	283
2509	1267	Tu	1	-	2627179	2630832	4540
2510	1268	Tu	1	-	2630999	2634613	4264
2511	1269	Op	1	-	2634984	2635325	301
2512	1269	Op	2	-	2635325	2635555	299
2513	1270	Tu	1	-	2635878	2636093	261
2514	1271	Tu	1	+	2636232	2637224	1002
2515	1272	Op	1	-	2637291	2637923	348
2516	1272	Op	2	-	2637932	2639227	1204
2517	1273	Tu	1	+	2639689	2641305	1505
2518	1274	Tu	1	+	2641676	2641780	89
2519	1275	Tu	1	-	2641975	2646648	3614
2520	1276	Tu	1	-	2647004	2649976	1866
2521	1277	Tu	1	-	2650307	2652169	1020
2522	1278	Op	1	-	2652325	2653578	865
2523	1278	Op	2	-	2653565	2653927	294
2524	1279	Op	1	-	2654314	2655261	902
2525	1279	Op	2	-	2655275	2656342	1155
2526	1280	Tu	1	-	2656597	2657526	1177
2527	1281	Tu	1	+	2657804	2659750	2196
2528	1282	Op	1	+	2660428	2660850	484
2529	1282	Op	2	+	2660862	2661419	543
2530	1282	Op	3	+	2661457	2662443	1041
2531	1283	Op	1	-	2663699	2664490	864
2532	1283	Op	2	-	2664483	2665076	589
2533	1283	Op	3	-	2665080	2665640	667
2534	1283	Op	4	-	2665643	2666128	526
2535	1283	Op	5	-	2666129	2666491	477
2536	1284	Op	1	-	2666689	2668038	1718
2537	1284	Op	2	-	2668125	2668523	516
2538	1284	Op	3	-	2668546	2669685	1024
2539	1284	Op	4	-	2669663	2670328	637
2540	1285	Op	1	-	2670591	2672144	2075
2541	1285	Op	2	-	2672145	2673239	1342
2542	1285	Op	3	-	2673259	2674527	1436
2543	1286	Op	1	-	2674667	2676229	1420
2544	1286	Op	2	-	2676253	2677500	1382
2545	1286	Op	3	-	2677528	2678448	1120
2546	1287	Tu	1	-	2678628	2679662	878
2547	1288	Op	1	-	2679796	2682291	3139
2548	1288	Op	2	-	2682294	2682761	545
2549	1289	Op	1	-	2683066	2684253	1181
2550	1289	Op	2	-	2684273	2685580	1306
2551	1290	Tu	1	+	2685735	2686583	672
2552	1291	Op	1	+	2687185	2687874	765
2553	1291	Op	2	+	2687864	2689045	1137
2554	1292	Tu	1	+	2689380	2690651	1585
2555	1293	Tu	1	-	2690863	2692344	2104
2556	1294	Tu	1	-	2692502	2694184	1151
2557	1295	Tu	1	-	2694350	2695039	903
2558	1296	Op	1	-	2695148	2696263	1534
2559	1296	Op	2	-	2696320	2696505	214
2560	1297	Op	1	-	2696624	2697514	1058
2561	1297	Op	2	-	2697507	2698268	930
2562	1297	Op	3	-	2698284	2699000	774
2563	1298	Tu	1	-	2699248	2700234	795
2564	1299	Tu	1	-	2700794	2702566	1529
2565	1300	Op	1	-	2702767	2703444	827
2566	1300	Op	2	-	2703472	2703828	450
2567	1300	Op	3	-	2703852	2704847	1173
2568	1300	Op	4	-	2704864	2705418	543
2569	1300	Op	5	-	2705418	2705903	562
2570	1300	Op	6	-	2705900	2707762	1440
2571	1300	Op	7	-	2707778	2708578	951
2572	1301	Op	1	-	2708750	2710648	2181
2573	1301	Op	2	-	2710668	2712065	1643
2574	1302	Tu	1	-	2712298	2717202	4908
2575	1303	Op	1	-	2717991	2718860	904
2576	1303	Op	2	-	2718867	2720039	1214
2577	1304	Op	1	-	2720157	2721554	1734
2578	1304	Op	2	-	2721547	2722095	407
2579	1304	Op	3	-	2722076	2723608	1938
2580	1304	Op	4	-	2723611	2724498	1100
2581	1304	Op	5	-	2724486	2724794	390
2582	1304	Op	6	-	2724800	2725810	865
2583	1304	Op	7	-	2725825	2725959	248
2584	1304	Op	8	-	2725981	2727096	1415
2585	1304	Op	9	-	2727126	2727527	588
2586	1304	Op	10	-	2727511	2727873	382
2587	1305	Tu	1	+	2728277	2729674	1696
2588	1306	Tu	1	+	2729808	2730503	910
2589	1307	Tu	1	-	2730547	2731269	525
2590	1308	Op	1	-	2731636	2732412	987
2591	1308	Op	2	-	2732427	2733254	815
2592	1308	Op	3	-	2733254	2733616	296
2593	1309	Tu	1	-	2733814	2733948	245
